{
    "bones": {
        "root.x": {
            "parent": null,
            "matrix_local": [
                [
                    1.0,
                    -1.1368683772161603e-13,
                    7.065134468575707e-06,
                    0.0
                ],
                [
                    -6.7954970290884376e-06,
                    -0.2736284136772156,
                    0.9618354439735413,
                    0.010781191289424896
                ],
                [
                    1.9332214833411854e-06,
                    -0.9618354439735413,
                    -0.2736283540725708,
                    1.0411229133605957
                ],
                [
                    0.0,
                    0.0,
                    0.0,
                    1.0
                ]
            ]
        },
        "spine_01.x": {
            "parent": "root.x",
            "matrix_local": [
                [
                    0.9999781847000122,
                    -6.320988177321851e-11,
                    -0.006602562963962555,
                    1.9374832049834367e-07
                ],
                [
                    -0.00659084552899003,
                    -0.059544116258621216,
                    -0.998204231262207,
                    -0.003744550049304962
                ],
                [
                    -0.00039314397145062685,
                    0.9982256293296814,
                    -0.05954280495643616,
                    1.1675634384155273
                ],
                [
                    0.0,
                    0.0,
                    0.0,
                    1.0
                ]
            ]
        },
        "spine_02.x": {
            "parent": "spine_01.x",
            "matrix_local": [
                [
                    0.9999999403953552,
                    2.9103830456733704e-10,
                    2.39349901676178e-07,
                    -1.8615835983837314e-07
                ],
                [
                    2.4354085326194763e-07,
                    0.05813107639551163,
                    -0.9983091950416565,
                    -0.014998783357441425
                ],
                [
                    -1.446460373699665e-08,
                    0.9983089566230774,
                    0.058131054043769836,
                    1.3562347888946533
                ],
                [
                    0.0,
                    0.0,
                    0.0,
                    1.0
                ]
            ]
        },
        "spine_03.x": {
            "parent": "spine_02.x",
            "matrix_local": [
                [
                    0.9999999403953552,
                    9.201528428093297e-13,
                    -1.3232892115411232e-08,
                    -5.140610142007063e-07
                ],
                [
                    -8.55445136949129e-09,
                    0.09975174069404602,
                    -0.9950125813484192,
                    -0.004012514837086201
                ],
                [
                    1.058691800892575e-09,
                    0.9950124025344849,
                    0.09975169599056244,
                    1.5449060201644897
                ],
                [
                    0.0,
                    0.0,
                    0.0,
                    1.0
                ]
            ]
        },
        "c_subneck_1.x": {
            "parent": "spine_03.x",
            "matrix_local": [
                [
                    0.9999094605445862,
                    -9.598570827051844e-10,
                    0.013451921753585339,
                    -2.0905741848764592e-07
                ],
                [
                    0.011799910105764866,
                    -0.4801422357559204,
                    -0.877111554145813,
                    0.01490214467048645
                ],
                [
                    0.006458836141973734,
                    0.8771907091140747,
                    -0.4800986647605896,
                    1.7335777282714844
                ],
                [
                    0.0,
                    0.0,
                    0.0,
                    1.0
                ]
            ]
        },
        "neck.x": {
            "parent": "c_subneck_1.x",
            "matrix_local": [
                [
                    0.9999094605445862,
                    -2.3283064365386963e-09,
                    0.013451896607875824,
                    -4.189361106909928e-07
                ],
                [
                    0.01147441379725933,
                    -0.5219185948371887,
                    -0.8529183864593506,
                    -0.0036553340032696724
                ],
                [
                    0.007020796183496714,
                    0.8529953360557556,
                    -0.5218712091445923,
                    1.7674814462661743
                ],
                [
                    0.0,
                    0.0,
                    0.0,
                    1.0
                ]
            ]
        },
        "head.x": {
            "parent": "neck.x",
            "matrix_local": [
                [
                    1.0,
                    -4.423782229423523e-09,
                    -6.807874888181686e-05,
                    -1.5965517263794027e-07
                ],
                [
                    -6.585195660591125e-05,
                    -0.25339221954345703,
                    -0.9673639535903931,
                    -0.0244000107049942
                ],
                [
                    -1.724623143672943e-05,
                    0.9673635959625244,
                    -0.25339215993881226,
                    1.801385521888733
                ],
                [
                    0.0,
                    0.0,
                    0.0,
                    1.0
                ]
            ]
        },
        "shoulder.l": {
            "parent": "spine_03.x",
            "matrix_local": [
                [
                    0.2939405143260956,
                    0.9558234810829163,
                    -0.0005660069291479886,
                    0.0697064995765686
                ],
                [
                    -0.9558219909667969,
                    0.2939412295818329,
                    0.0018406212329864502,
                    -0.037913817912340164
                ],
                [
                    0.0019256249070167542,
                    -2.421438694000244e-08,
                    0.999998152256012,
                    1.5790573358535767
                ],
                [
                    0.0,
                    0.0,
                    0.0,
                    1.0
                ]
            ]
        },
        "arm_stretch.l": {
            "parent": "shoulder.l",
            "matrix_local": [
                [
                    -0.10351536422967911,
                    0.9946168661117554,
                    -0.004664848558604717,
                    0.27882707118988037
                ],
                [
                    -0.9946280717849731,
                    -0.10351639986038208,
                    1.0310905054211617e-06,
                    0.02639622613787651
                ],
                [
                    -0.0004819178720936179,
                    0.004639879334717989,
                    0.9999891519546509,
                    1.5790575742721558
                ],
                [
                    0.0,
                    0.0,
                    0.0,
                    1.0
                ]
            ]
        },
        "arm_twist.l": {
            "parent": "arm_stretch.l",
            "matrix_local": [
                [
                    -0.10351524502038956,
                    0.9946168661117554,
                    -0.004663821775466204,
                    0.2788272798061371
                ],
                [
                    -0.9946280717849731,
                    -0.10351627320051193,
                    2.0331694940978196e-06,
                    0.026396412402391434
                ],
                [
                    -0.00048081428394652903,
                    0.004638961981981993,
                    0.9999891519546509,
                    1.5790575742721558
                ],
                [
                    0.0,
                    0.0,
                    0.0,
                    1.0
                ]
            ]
        },
        "forearm_stretch.l": {
            "parent": "arm_stretch.l",
            "matrix_local": [
                [
                    -0.2329179346561432,
                    0.9724851250648499,
                    -0.004664537496864796,
                    0.5387622117996216
                ],
                [
                    -0.9724961519241333,
                    -0.23292040824890137,
                    1.759568021952873e-06,
                    -0.0006567426025867462
                ],
                [
                    -0.0010848072124645114,
                    0.004536630120128393,
                    0.9999891519546509,
                    1.580269694328308
                ],
                [
                    0.0,
                    0.0,
                    0.0,
                    1.0
                ]
            ]
        },
        "forearm_twist.l": {
            "parent": "forearm_stretch.l",
            "matrix_local": [
                [
                    -0.2322244793176651,
                    0.9724850654602051,
                    -0.01855786144733429,
                    0.6687301397323608
                ],
                [
                    -0.9707626700401306,
                    -0.2329205721616745,
                    -0.05803879350423813,
                    -0.03178521990776062
                ],
                [
                    -0.06076440587639809,
                    0.00453722570091486,
                    0.9981418251991272,
                    1.5808764696121216
                ],
                [
                    0.0,
                    0.0,
                    0.0,
                    1.0
                ]
            ]
        },
        "hand.l": {
            "parent": "forearm_stretch.l",
            "matrix_local": [
                [
                    -0.061745502054691315,
                    0.9980361461639404,
                    -0.010550230741500854,
                    0.7986979484558105
                ],
                [
                    -0.9946450591087341,
                    -0.06240646541118622,
                    -0.08238445222377777,
                    -0.06291385740041733
                ],
                [
                    -0.08288110047578812,
                    0.005406849551945925,
                    0.9965448379516602,
                    1.5814825296401978
                ],
                [
                    0.0,
                    0.0,
                    0.0,
                    1.0
                ]
            ]
        },
        "index1_base.l": {
            "parent": "hand.l",
            "matrix_local": [
                [
                    -0.2221110761165619,
                    0.9744054675102234,
                    -0.03464934974908829,
                    0.8563038110733032
                ],
                [
                    -0.9718906283378601,
                    -0.22410358488559723,
                    -0.07215870171785355,
                    -0.12592577934265137
                ],
                [
                    -0.07807691395282745,
                    0.017648102715611458,
                    0.9967912435531616,
                    1.594122052192688
                ],
                [
                    0.0,
                    0.0,
                    0.0,
                    1.0
                ]
            ]
        },
        "index1.l": {
            "parent": "index1_base.l",
            "matrix_local": [
                [
                    -0.24103772640228271,
                    0.9703367948532104,
                    -0.01863657496869564,
                    0.8994351029396057
                ],
                [
                    -0.9689884185791016,
                    -0.24169090390205383,
                    -0.0514552965760231,
                    -0.1358455866575241
                ],
                [
                    -0.05443330109119415,
                    0.005655933171510696,
                    0.9985014796257019,
                    1.5949021577835083
                ],
                [
                    0.0,
                    0.0,
                    0.0,
                    1.0
                ]
            ]
        },
        "index2.l": {
            "parent": "index1.l",
            "matrix_local": [
                [
                    -0.19768725335597992,
                    0.9798868894577026,
                    -0.027227019891142845,
                    0.9285376071929932
                ],
                [
                    -0.9792020916938782,
                    -0.19868993759155273,
                    -0.04106534272432327,
                    -0.14309446513652802
                ],
                [
                    -0.04564917832612991,
                    0.018542632460594177,
                    0.9987854957580566,
                    1.5950725078582764
                ],
                [
                    0.0,
                    0.0,
                    0.0,
                    1.0
                ]
            ]
        },
        "index3.l": {
            "parent": "index2.l",
            "matrix_local": [
                [
                    -0.0656697079539299,
                    0.9977468252182007,
                    -0.013733970932662487,
                    0.9584041833877563
                ],
                [
                    -0.9925035238265991,
                    -0.06673385947942734,
                    -0.10239161550998688,
                    -0.14915044605731964
                ],
                [
                    -0.10307745635509491,
                    0.006906971335411072,
                    0.9946494102478027,
                    1.5956374406814575
                ],
                [
                    0.0,
                    0.0,
                    0.0,
                    1.0
                ]
            ]
        },
        "middle1_base.l": {
            "parent": "hand.l",
            "matrix_local": [
                [
                    -0.09134219586849213,
                    0.9958142638206482,
                    -0.003210602793842554,
                    0.8630548119544983
                ],
                [
                    -0.9956353902816772,
                    -0.09138674288988113,
                    -0.018948711454868317,
                    -0.09757518023252487
                ],
                [
                    -0.019162848591804504,
                    0.0014657564461231232,
                    0.9998154044151306,
                    1.601384162902832
                ],
                [
                    0.0,
                    0.0,
                    0.0,
                    1.0
                ]
            ]
        },
        "middle1.l": {
            "parent": "middle1_base.l",
            "matrix_local": [
                [
                    -0.04358784109354019,
                    0.9989776611328125,
                    0.011973944492638111,
                    0.9074376225471497
                ],
                [
                    -0.9971813559532166,
                    -0.04423573985695839,
                    0.060604751110076904,
                    -0.1016482263803482
                ],
                [
                    0.06107243150472641,
                    -0.009298579767346382,
                    0.9980901479721069,
                    1.6014496088027954
                ],
                [
                    0.0,
                    0.0,
                    0.0,
                    1.0
                ]
            ]
        },
        "middle2.l": {
            "parent": "middle1.l",
            "matrix_local": [
                [
                    -0.036177437752485275,
                    0.999311625957489,
                    -0.008195825852453709,
                    0.944053053855896
                ],
                [
                    -0.9992210865020752,
                    -0.03604213148355484,
                    0.016080737113952637,
                    -0.10326960682868958
                ],
                [
                    0.01577422395348549,
                    0.008771187625825405,
                    0.9998372793197632,
                    1.6011086702346802
                ],
                [
                    0.0,
                    0.0,
                    0.0,
                    1.0
                ]
            ]
        },
        "middle3.l": {
            "parent": "middle2.l",
            "matrix_local": [
                [
                    -0.026667019352316856,
                    0.9996327757835388,
                    -0.004768394865095615,
                    0.9733487963676453
                ],
                [
                    -0.9961218237876892,
                    -0.026172490790486336,
                    0.08400467038154602,
                    -0.10432620346546173
                ],
                [
                    0.0838489904999733,
                    0.006990041583776474,
                    0.996454119682312,
                    1.6013658046722412
                ],
                [
                    0.0,
                    0.0,
                    0.0,
                    1.0
                ]
            ]
        },
        "pinky1_base.l": {
            "parent": "hand.l",
            "matrix_local": [
                [
                    0.2133924663066864,
                    0.97663414478302,
                    -0.02548220008611679,
                    0.8515975475311279
                ],
                [
                    -0.9756191968917847,
                    0.21439523994922638,
                    0.04692842811346054,
                    -0.03201065957546234
                ],
                [
                    0.05129510909318924,
                    0.01484675146639347,
                    0.9985732436180115,
                    1.5969209671020508
                ],
                [
                    0.0,
                    0.0,
                    0.0,
                    1.0
                ]
            ]
        },
        "pinky1.l": {
            "parent": "pinky1_base.l",
            "matrix_local": [
                [
                    0.04482772573828697,
                    0.9988129138946533,
                    -0.019059546291828156,
                    0.8923981189727783
                ],
                [
                    -0.97281813621521,
                    0.04798411950469017,
                    0.22654539346694946,
                    -0.023053808137774467
                ],
                [
                    0.22719094157218933,
                    0.008385955356061459,
                    0.9738141894340515,
                    1.597541093826294
                ],
                [
                    0.0,
                    0.0,
                    0.0,
                    1.0
                ]
            ]
        },
        "pinky2.l": {
            "parent": "pinky1.l",
            "matrix_local": [
                [
                    -0.16840797662734985,
                    0.9854480624198914,
                    0.023042425513267517,
                    0.9138096570968628
                ],
                [
                    -0.9676147699356079,
                    -0.16972941160202026,
                    0.1868528425693512,
                    -0.02202514559030533
                ],
                [
                    0.1880446821451187,
                    0.009171310812234879,
                    0.982117772102356,
                    1.5977202653884888
                ],
                [
                    0.0,
                    0.0,
                    0.0,
                    1.0
                ]
            ]
        },
        "pinky3.l": {
            "parent": "pinky2.l",
            "matrix_local": [
                [
                    -0.2716343104839325,
                    0.9621652364730835,
                    0.021280214190483093,
                    0.9403625130653381
                ],
                [
                    -0.9540832042694092,
                    -0.2721216380596161,
                    0.12520216405391693,
                    -0.026598408818244934
                ],
                [
                    0.12625592947006226,
                    0.013706094585359097,
                    0.9919031858444214,
                    1.5979677438735962
                ],
                [
                    0.0,
                    0.0,
                    0.0,
                    1.0
                ]
            ]
        },
        "ring1_base.l": {
            "parent": "hand.l",
            "matrix_local": [
                [
                    0.0221920907497406,
                    0.9991347193717957,
                    0.035175200551748276,
                    0.8633769154548645
                ],
                [
                    0.20385858416557312,
                    -0.03896689414978027,
                    0.9782248735427856,
                    -0.05657321959733963
                ],
                [
                    0.9787489175796509,
                    -0.014538094401359558,
                    -0.20454683899879456,
                    1.6154412031173706
                ],
                [
                    0.0,
                    0.0,
                    0.0,
                    1.0
                ]
            ]
        },
        "ring1.l": {
            "parent": "ring1_base.l",
            "matrix_local": [
                [
                    -0.043048195540905,
                    0.9990646839141846,
                    -0.00404053321108222,
                    0.9066182374954224
                ],
                [
                    -0.9948776364326477,
                    -0.0424966923892498,
                    0.09172258526086807,
                    -0.058259446173906326
                ],
                [
                    0.09146500378847122,
                    0.007968318648636341,
                    0.9957764148712158,
                    1.6148123741149902
                ],
                [
                    0.0,
                    0.0,
                    0.0,
                    1.0
                ]
            ]
        },
        "ring2.l": {
            "parent": "ring1.l",
            "matrix_local": [
                [
                    -0.0688675194978714,
                    0.9971796870231628,
                    0.02982720173895359,
                    0.9525933265686035
                ],
                [
                    -0.9846804738044739,
                    -0.07274427264928818,
                    0.1584705114364624,
                    -0.06021525710821152
                ],
                [
                    0.16019323468208313,
                    -0.018456801772117615,
                    0.9869130849838257,
                    1.6151784658432007
                ],
                [
                    0.0,
                    0.0,
                    0.0,
                    1.0
                ]
            ]
        },
        "ring3.l": {
            "parent": "ring2.l",
            "matrix_local": [
                [
                    -0.08036495745182037,
                    0.9966723322868347,
                    0.013623509556055069,
                    0.9807903170585632
                ],
                [
                    -0.9709959626197815,
                    -0.0813676118850708,
                    0.22482547163963318,
                    -0.06227223202586174
                ],
                [
                    0.22518572211265564,
                    0.004839709028601646,
                    0.9743038415908813,
                    1.614656686782837
                ],
                [
                    0.0,
                    0.0,
                    0.0,
                    1.0
                ]
            ]
        },
        "thumb1.l": {
            "parent": "hand.l",
            "matrix_local": [
                [
                    -0.6548803448677063,
                    0.2807162404060364,
                    -0.7016622424125671,
                    0.8287224769592285
                ],
                [
                    0.07976092398166656,
                    -0.8975944519042969,
                    -0.43354663252830505,
                    -0.0784808099269867
                ],
                [
                    -0.7515115737915039,
                    -0.3398864269256592,
                    0.565426766872406,
                    1.5688529014587402
                ],
                [
                    0.0,
                    0.0,
                    0.0,
                    1.0
                ]
            ]
        },
        "thumb2.l": {
            "parent": "thumb1.l",
            "matrix_local": [
                [
                    -0.6140360832214355,
                    0.6347491145133972,
                    -0.4690980315208435,
                    0.8390766382217407
                ],
                [
                    0.07832841575145721,
                    -0.5423975586891174,
                    -0.8364626169204712,
                    -0.11158829182386398
                ],
                [
                    -0.7853813767433167,
                    -0.5503620505332947,
                    0.28333279490470886,
                    1.5563163757324219
                ],
                [
                    0.0,
                    0.0,
                    0.0,
                    1.0
                ]
            ]
        },
        "thumb3.l": {
            "parent": "thumb2.l",
            "matrix_local": [
                [
                    -0.5465006232261658,
                    0.7986479997634888,
                    -0.2519882917404175,
                    0.8671368956565857
                ],
                [
                    0.10854120552539825,
                    -0.23081013560295105,
                    -0.966925859451294,
                    -0.13556674122810364
                ],
                [
                    -0.8303946256637573,
                    -0.5557768940925598,
                    0.039451614022254944,
                    1.531984806060791
                ],
                [
                    0.0,
                    0.0,
                    0.0,
                    1.0
                ]
            ]
        },
        "Bone.006": {
            "parent": "shoulder.l",
            "matrix_local": [
                [
                    -5.351788558982662e-07,
                    4.7672074288129807e-08,
                    -0.9999998211860657,
                    0.14773091673851013
                ],
                [
                    1.000000238418579,
                    2.421438694000244e-08,
                    -6.269546020121197e-07,
                    0.16884152591228485
                ],
                [
                    8.09086486697197e-08,
                    -0.9999997019767761,
                    1.0384246706962585e-07,
                    1.5377826690673828
                ],
                [
                    0.0,
                    0.0,
                    0.0,
                    1.0
                ]
            ]
        },
        "Bone.007": {
            "parent": "Bone.006",
            "matrix_local": [
                [
                    -7.114496725080244e-08,
                    -3.552713678800501e-15,
                    -0.9999998211860657,
                    0.14773093163967133
                ],
                [
                    1.000000238418579,
                    1.250673733466101e-07,
                    -1.6292051441268995e-07,
                    0.16884151101112366
                ],
                [
                    1.8176154981119907e-07,
                    -0.9999996423721313,
                    1.515145697794651e-07,
                    1.2715848684310913
                ],
                [
                    0.0,
                    0.0,
                    0.0,
                    1.0
                ]
            ]
        },
        "Bone.008": {
            "parent": "Bone.007",
            "matrix_local": [
                [
                    -1.4270429460339074e-07,
                    -7.155914971690436e-08,
                    -0.9999998211860657,
                    0.14773093163967133
                ],
                [
                    1.000000238418579,
                    7.155915682233172e-08,
                    -2.3447987018698768e-07,
                    0.16884152591228485
                ],
                [
                    1.2825339013033954e-07,
                    -0.9999996423721313,
                    2.2307369818008738e-07,
                    1.0332947969436646
                ],
                [
                    0.0,
                    0.0,
                    0.0,
                    1.0
                ]
            ]
        },
        "Bone.009": {
            "parent": "Bone.008",
            "matrix_local": [
                [
                    5.867448749086179e-07,
                    -5.736560382274547e-08,
                    -0.9999998211860657,
                    0.14773091673851013
                ],
                [
                    1.000000238418579,
                    1.7209683278451848e-07,
                    4.949695266986964e-07,
                    0.16884152591228485
                ],
                [
                    2.287908671405603e-07,
                    -0.9999996423721313,
                    2.0888030860533036e-07,
                    0.8250593543052673
                ],
                [
                    0.0,
                    0.0,
                    0.0,
                    1.0
                ]
            ]
        },
        "Bone.010": {
            "parent": "Bone.009",
            "matrix_local": [
                [
                    -7.114527988960617e-08,
                    3.552713678800501e-15,
                    -0.9999998211860657,
                    0.14773090183734894
                ],
                [
                    1.000000238418579,
                    5.38080584533418e-08,
                    -1.6292091231662198e-07,
                    0.16884155571460724
                ],
                [
                    1.1050229176134962e-07,
                    -0.9999996423721313,
                    1.515145697794651e-07,
                    0.5653017163276672
                ],
                [
                    0.0,
                    0.0,
                    0.0,
                    1.0
                ]
            ]
        },
        "Bone.016": {
            "parent": "shoulder.l",
            "matrix_local": [
                [
                    -5.351728304958669e-07,
                    -3.707828000187874e-08,
                    -0.9999999403953552,
                    0.328093945980072
                ],
                [
                    1.000000238418579,
                    1.4435499906539917e-08,
                    -5.974997066005017e-07,
                    0.16884145140647888
                ],
                [
                    7.019843906164169e-08,
                    -1.0000003576278687,
                    -8.504139259457588e-08,
                    1.4520198106765747
                ],
                [
                    0.0,
                    0.0,
                    0.0,
                    1.0
                ]
            ]
        },
        "Bone.017": {
            "parent": "Bone.016",
            "matrix_local": [
                [
                    1.8615480712469434e-08,
                    -3.552713678800501e-15,
                    -0.9999999403953552,
                    0.328093945980072
                ],
                [
                    1.000000238418579,
                    1.250674586117384e-07,
                    -4.3711224861908704e-08,
                    0.1688414365053177
                ],
                [
                    1.8083045461025904e-07,
                    -1.0000003576278687,
                    -1.221196441747452e-07,
                    1.2715845108032227
                ],
                [
                    0.0,
                    0.0,
                    0.0,
                    1.0
                ]
            ]
        },
        "Bone.018": {
            "parent": "Bone.017",
            "matrix_local": [
                [
                    1.8615320840353888e-08,
                    -4.235164736271502e-22,
                    -0.9999999403953552,
                    0.328093945980072
                ],
                [
                    1.000000238418579,
                    -1.4210854715202004e-14,
                    -4.371138473402425e-08,
                    0.16884145140647888
                ],
                [
                    5.576298178766592e-08,
                    -1.000000238418579,
                    -1.221196441747452e-07,
                    1.033294439315796
                ],
                [
                    0.0,
                    0.0,
                    0.0,
                    1.0
                ]
            ]
        },
        "Bone.019": {
            "parent": "Bone.018",
            "matrix_local": [
                [
                    6.146617010927002e-07,
                    1.0587911840678754e-22,
                    -0.9999999403953552,
                    0.328093945980072
                ],
                [
                    1.000000238418579,
                    5.7365646455309616e-08,
                    5.523351660485787e-07,
                    0.1688414365053177
                ],
                [
                    1.1312871350810383e-07,
                    -1.000000238418579,
                    -1.2211957312047161e-07,
                    0.8250590562820435
                ],
                [
                    0.0,
                    0.0,
                    0.0,
                    1.0
                ]
            ]
        },
        "Bone.020": {
            "parent": "Bone.019",
            "matrix_local": [
                [
                    1.861513965195627e-08,
                    -2.329340604949326e-21,
                    -0.9999999403953552,
                    0.328093945980072
                ],
                [
                    1.000000238418579,
                    5.3808101085905946e-08,
                    -4.371162276584073e-08,
                    0.1688414365053177
                ],
                [
                    1.0957109708442658e-07,
                    -1.000000238418579,
                    -1.221196441747452e-07,
                    0.5653014183044434
                ],
                [
                    0.0,
                    0.0,
                    0.0,
                    1.0
                ]
            ]
        },
        "shoulder.r": {
            "parent": "spine_03.x",
            "matrix_local": [
                [
                    0.29394057393074036,
                    -0.9558234214782715,
                    0.0005660341703332961,
                    -0.06970693916082382
                ],
                [
                    0.9558218121528625,
                    0.2939411699771881,
                    0.0018404945731163025,
                    -0.03791382536292076
                ],
                [
                    -0.0019256025552749634,
                    -5.029141902923584e-08,
                    0.9999980926513672,
                    1.5790573358535767
                ],
                [
                    0.0,
                    0.0,
                    0.0,
                    1.0
                ]
            ]
        },
        "arm_stretch.r": {
            "parent": "shoulder.r",
            "matrix_local": [
                [
                    -0.10347888618707657,
                    -0.994267463684082,
                    -0.026910213753581047,
                    -0.2788276970386505
                ],
                [
                    0.994627833366394,
                    -0.10351641476154327,
                    1.766253262758255e-06,
                    0.026396293193101883
                ],
                [
                    -0.0027874684892594814,
                    -0.026765527203679085,
                    0.9996377825737,
                    1.5790575742721558
                ],
                [
                    0.0,
                    0.0,
                    0.0,
                    1.0
                ]
            ]
        },
        "arm_twist.r": {
            "parent": "arm_stretch.r",
            "matrix_local": [
                [
                    -0.1034788265824318,
                    -0.994267463684082,
                    -0.026910249143838882,
                    -0.2788275182247162
                ],
                [
                    0.994627833366394,
                    -0.1035163626074791,
                    2.133750740540563e-06,
                    0.02639635279774666
                ],
                [
                    -0.002787836128845811,
                    -0.026765525341033936,
                    0.9996377825737,
                    1.5790573358535767
                ],
                [
                    0.0,
                    0.0,
                    0.0,
                    1.0
                ]
            ]
        },
        "forearm_stretch.r": {
            "parent": "arm_stretch.r",
            "matrix_local": [
                [
                    -0.23283609747886658,
                    -0.9721435308456421,
                    -0.026910746470093727,
                    -0.5386714935302734
                ],
                [
                    0.9724958539009094,
                    -0.23292052745819092,
                    1.7764947415344068e-06,
                    -0.0006568506360054016
                ],
                [
                    -0.006269863341003656,
                    -0.02617022953927517,
                    0.9996377825737,
                    1.5720624923706055
                ],
                [
                    0.0,
                    0.0,
                    0.0,
                    1.0
                ]
            ]
        },
        "forearm_twist.r": {
            "parent": "forearm_stretch.r",
            "matrix_local": [
                [
                    -0.23402737081050873,
                    -0.9721434712409973,
                    -0.01296587847173214,
                    -0.6685938239097595
                ],
                [
                    0.9707623720169067,
                    -0.2329207956790924,
                    -0.05803937092423439,
                    -0.03178555890917778
                ],
                [
                    0.05340249836444855,
                    -0.026169640943408012,
                    0.9982300400733948,
                    1.5685652494430542
                ],
                [
