{
    "bones": {
        "pelvis": {
            "parent": null,
            "matrix_local": [
                [
                    0.9978545904159546,
                    -6.025507870432989e-10,
                    0.06546960026025772,
                    0.0304906964302063
                ],
                [
                    0.06546960026025772,
                    0.0,
                    -0.9978545904159546,
                    1.294747233390808
                ],
                [
                    6.012580433534254e-10,
                    1.0,
                    3.944876023065369e-11,
                    -45.606849670410156
                ],
                [
                    0.0,
                    0.0,
                    0.0,
                    1.0
                ]
            ]
        },
        "spine1": {
            "parent": "pelvis",
            "matrix_local": [
                [
                    0.9950534105300903,
                    0.06869664043188095,
                    -0.07175900787115097,
                    0.0304906964302063
                ],
                [
                    -0.07317255437374115,
                    0.018283110111951828,
                    -0.9971517324447632,
                    1.294747233390808
                ],
                [
                    -0.06718899309635162,
                    0.9974700212478638,
                    0.023219380527734756,
                    -27.484399795532227
                ],
                [
                    0.0,
                    0.0,
                    0.0,
                    1.0
                ]
            ]
        },
        "spine2": {
            "parent": "spine1",
            "matrix_local": [
                [
                    0.9592520594596863,
                    -0.1711290180683136,
                    0.22483421862125397,
                    1.1986939907073975
                ],
                [
                    0.171129047870636,
                    -0.281310498714447,
                    -0.9442347288131714,
                    1.6056560277938843
                ],
                [
                    0.22483424842357635,
                    0.9442347884178162,
                    -0.2405625283718109,
                    -10.522174835205078
                ],
                [
                    0.0,
                    0.0,
                    0.0,
                    1.0
                ]
            ]
        },
        "spine3": {
            "parent": "spine2",
            "matrix_local": [
                [
                    0.9988030195236206,
                    -0.03672192245721817,
                    0.03231137990951538,
                    0.08192002773284912
                ],
                [
                    0.036721885204315186,
                    0.12658463418483734,
                    -0.9912759065628052,
                    -0.23015320301055908
                ],
                [
                    0.03231147676706314,
                    0.99127596616745,
                    0.12778159976005554,
                    -4.360176086425781
                ],
                [
                    0.0,
                    0.0,
                    0.0,
                    1.0
                ]
            ]
        },
        "neck": {
            "parent": "spine3",
            "matrix_local": [
                [
                    0.9742510914802551,
                    0.1484266221523285,
                    -0.16971832513809204,
                    -0.8217900991439819
                ],
                [
                    -0.1484266072511673,
                    -0.14441116154193878,
                    -0.9783226251602173,
                    2.4402315616607666
                ],
                [
                    -0.16971834003925323,
                    0.9783225655555725,
                    -0.1186622902750969,
                    12.863748550415039
                ],
                [
                    0.0,
                    0.0,
                    0.0,
                    1.0
                ]
            ]
        },
        "head": {
            "parent": "neck",
            "matrix_local": [
                [
                    0.5899884700775146,
                    -0.3241044580936432,
                    0.7395067811012268,
                    1.418218970298767
                ],
                [
                    0.32410457730293274,
                    -0.7438033819198608,
                    -0.5845624208450317,
                    0.26082277297973633
                ],
                [
                    0.739506721496582,
                    0.5845624804496765,
                    -0.3337916135787964,
                    27.628292083740234
                ],
                [
                    0.0,
                    0.0,
                    0.0,
                    1.0
                ]
            ]
        },
        "jaw": {
            "parent": "head",
            "matrix_local": [
                [
                    0.2795743942260742,
                    -0.9596408009529114,
                    -0.03046080470085144,
                    -0.6267361640930176
                ],
                [
                    0.9596409201622009,
                    0.2782863676548004,
                    0.04057508707046509,
                    0.8538398146629333
                ],
                [
                    -0.03046078234910965,
                    -0.040575236082077026,
                    0.9987122416496277,
                    27.541828155517578
                ],
                [
                    0.0,
                    0.0,
                    0.0,
                    1.0
                ]
            ]
        },
        "left_eye_smplhf": {
            "parent": "head",
            "matrix_local": [
                [
                    0.7704058289527893,
                    0.22579239308834076,
                    -0.5962324142456055,
                    3.1300296783447266
                ],
                [
                    -0.22579261660575867,
                    -0.7779466509819031,
                    -0.5863593816757202,
                    -5.637060165405273
                ],
                [
                    -0.5962322950363159,
                    0.5863593816757202,
                    -0.5483521819114685,
                    32.07368469238281
                ],
                [
                    0.0,
                    0.0,
                    0.0,
                    1.0
                ]
            ]
        },
        "right_eye_smplhf": {
            "parent": "head",
            "matrix_local": [
                [
                    0.14079105854034424,
                    -0.5243805646896362,
                    0.8397638201713562,
                    -3.1300880908966064
                ],
                [
                    0.5243805646896362,
                    -0.6799675226211548,
                    -0.5125129222869873,
                    -5.636995792388916
                ],
                [
                    0.839763879776001,
                    0.5125128626823425,
                    0.1792415976524353,
                    32.07366180419922
                ],
                [
                    0.0,
                    0.0,
                    0.0,
                    1.0
                ]
            ]
        },
        "left_collar": {
            "parent": "spine3",
            "matrix_local": [
                [
                    0.31035661697387695,
                    0.8773937225341797,
                    -0.36586758494377136,
                    4.180088043212891
                ],
                [
                    -0.8773936033248901,
                    0.11625754833221436,
                    -0.4654724597930908,
                    0.3677486777305603
                ],
                [
                    -0.3658677339553833,
                    0.4654724895954132,
                    0.8059009909629822,
                    3.513416290283203
                ],
                [
                    0.0,
                    0.0,
                    0.0,
                    1.0
                ]
            ]
        },
        "left_shoulder": {
            "parent": "left_collar",
            "matrix_local": [
                [
                    0.2088746875524521,
                    0.9492480754852295,
                    0.23515836894512177,
                    17.795330047607422
                ],
                [
                    -0.9492480754852295,
                    0.1389750838279724,
                    0.28215935826301575,
                    2.1718127727508545
                ],
                [
                    0.23515820503234863,
                    -0.28215956687927246,
                    0.9301004409790039,
                    10.736536026000977
                ],
                [
                    0.0,
                    0.0,
                    0.0,
                    1.0
                ]
            ]
        },
        "left_elbow": {
            "parent": "left_shoulder",
            "matrix_local": [
                [
                    0.01703091710805893,
                    0.9956026673316956,
                    -0.09211497008800507,
                    42.96147918701172
                ],
                [
                    -0.9956026077270508,
                    0.00839880108833313,
                    -0.09329888224601746,
                    5.856273651123047
                ],
                [
                    -0.09211491048336029,
                    0.09329897165298462,
                    0.9913678169250488,
                    3.2560157775878906
                ],
                [
                    0.0,
                    0.0,
                    0.0,
                    1.0
                ]
            ]
        },
        "left_wrist": {
            "parent": "left_elbow",
            "matrix_local": [
                [
                    0.08324918150901794,
                    0.988737940788269,
                    0.1243656575679779,
                    69.98983764648438
                ],
                [
                    -0.988737940788269,
                    0.0663779228925705,
                    0.13413125276565552,
                    6.084281921386719
                ],
                [
                    0.12436562031507492,
                    -0.1341312825679779,
                    0.9831287264823914,
                    5.788871765136719
                ],
                [
                    0.0,
                    0.0,
                    0.0,
                    1.0
                ]
            ]
        },
        "left_index1": {
            "parent": "left_wrist",
            "matrix_local": [
                [
                    -0.09684290736913681,
                    0.9941933751106262,
                    -0.04691412299871445,
                    80.43624114990234
                ],
                [
                    -0.994193434715271,
                    -0.09884946048259735,
                    -0.04252365231513977,
                    4.060013771057129
                ],
                [
                    -0.046914100646972656,
                    0.04252370446920395,
                    0.997993528842926,
                    4.864917278289795
                ],
                [
                    0.0,
                    0.0,
                    0.0,
                    1.0
                ]
            ]
        },
        "left_index2": {
            "parent": "left_index1",
            "matrix_local": [
                [
                    0.035160332918167114,
                    0.9930459856987,
                    0.11235406249761581,
                    83.70377349853516
                ],
                [
                    -0.9930459260940552,
                    0.022076964378356934,
                    0.11563857644796371,
                    3.735133409500122
                ],
                [
                    0.11235406994819641,
                    -0.11563857644796371,
                    0.9869166612625122,
                    5.004676342010498
                ],
                [
                    0.0,
                    0.0,
                    0.0,
                    1.0
                ]
            ]
        },
        "left_index3": {
            "parent": "left_index2",
            "matrix_local": [
                [
                    0.03516034781932831,
                    0.9930459856987,
                    0.11235404759645462,
                    86.00279998779297
                ],
                [
                    -0.9930459260940552,
                    0.022076977416872978,
                    0.1156385987997055,
                    3.7862443923950195
                ],
                [
                    0.1123540922999382,
                    -0.11563856154680252,
                    0.9869166612625122,
                    4.7369585037231445
                ],
                [
                    0.0,
                    0.0,
                    0.0,
                    1.0
                ]
            ]
        },
        "left_middle1": {
            "parent": "left_wrist",
            "matrix_local": [
                [
                    0.13911180198192596,
                    0.9902005791664124,
                    -0.012272894382476807,
                    81.22673797607422
                ],
                [
                    -0.9902006387710571,
                    0.13893690705299377,
                    -0.014116480946540833,
                    6.48436975479126
                ],
                [
                    -0.012272894382476807,
                    0.014116480946540833,
                    0.999825119972229,
                    5.132645606994629
                ],
                [
                    0.0,
                    0.0,
                    0.0,
                    1.0
                ]
            ]
        },
        "left_middle2": {
            "parent": "left_middle1",
            "matrix_local": [
                [
                    0.19104941189289093,
                    0.9782480001449585,
                    0.08081414550542831,
                    84.347412109375
                ],
                [
                    -0.9782480597496033,
                    0.1829761415719986,
                    0.09772689640522003,
                    6.922237396240234
                ],
                [
                    0.0808141827583313,
                    -0.09772688895463943,
                    0.9919267296791077,
                    5.1771345138549805
                ],
                [
                    0.0,
                    0.0,
                    0.0,
                    1.0
                ]
            ]
        },
        "left_middle3": {
            "parent": "left_middle2",
            "matrix_local": [
                [
                    0.19104941189289093,
                    0.9782480001449585,
                    0.08081413805484772,
                    86.73233032226562
                ],
                [
                    -0.9782480597496033,
                    0.1829761415719986,
                    0.09772690385580063,
                    7.368323802947998
                ],
                [
                    0.0808141902089119,
                    -0.09772688150405884,
                    0.9919267296791077,
                    4.9388813972473145
                ],
                [
                    0.0,
                    0.0,
                    0.0,
                    1.0
                ]
            ]
        },
        "left_pinky1": {
            "parent": "left_wrist",
            "matrix_local": [
                [
                    0.5727922320365906,
                    0.8187114000320435,
                    0.040257662534713745,
                    78.69696044921875
                ],
                [
                    -0.8187112808227539,
                    0.5689986348152161,
                    0.07715074717998505,
                    10.565458297729492
                ],
                [
                    0.04025775566697121,
                    -0.07715072482824326,
                    0.9962064027786255,
                    4.265834808349609
                ],
                [
                    0.0,
                    0.0,
                    0.0,
                    1.0
                ]
            ]
        },
        "left_pinky2": {
            "parent": "left_pinky1",
            "matrix_local": [
                [
                    0.5571475625038147,
                    0.8288777470588684,
                    0.050481319427490234,
                    80.37505340576172
                ],
                [
                    -0.8288775086402893,
                    0.5513932108879089,
                    0.09448479115962982,
                    11.731720924377441
                ],
                [
                    0.0504813976585865,
                    -0.09448478370904922,
                    0.9942455887794495,
                    4.107700824737549
                ],
                [
                    0.0,
                    0.0,
                    0.0,
                    1.0
                ]
            ]
        },
        "left_pinky3": {
            "parent": "left_pinky2",
            "matrix_local": [
                [
                    0.5571476817131042,
                    0.8288776874542236,
                    0.05048132315278053,
                    82.0196533203125
                ],
                [
                    -0.8288774490356445,
                    0.5513933300971985,
                    0.09448479861021042,
                    12.825756072998047
                ],
                [
                    0.050481393933296204,
                    -0.09448479861021042,
                    0.9942455887794495,
                    3.9202308654785156
                ],
                [
                    0.0,
                    0.0,
                    0.0,
                    1.0
                ]
            ]
        },
        "left_ring1": {
            "parent": "left_wrist",
            "matrix_local": [
                [
                    0.17253343760967255,
                    0.9848253130912781,
                    -0.01874411106109619,
                    80.02886962890625
                ],
                [
                    -0.9848251938819885,
                    0.17210890352725983,
                    -0.02230873703956604,
                    8.89078140258789
                ],
                [
                    -0.018744081258773804,
                    0.02230873703956604,
                    0.9995754361152649,
                    4.83323860168457
                ],
                [
                    0.0,
                    0.0,
                    0.0,
                    1.0
                ]
            ]
        },
        "left_ring2": {
            "parent": "left_ring1",
            "matrix_local": [
                [
                    0.2817212641239166,
                    0.9570457935333252,
                    0.06853121519088745,
                    82.91862487792969
                ],
                [
                    -0.9570456147193909,
                    0.27518272399902344,
                    0.09131202101707458,
                    9.395797729492188
                ],
                [
                    0.06853129714727402,
                    -0.09131200611591339,
                    0.9934614300727844,
                    4.898698806762695
                ],
                [
                    0.0,
                    0.0,
                    0.0,
                    1.0
                ]
            ]
        },
        "left_ring3": {
            "parent": "left_ring2",
            "matrix_local": [
                [
                    0.2817212641239166,
                    0.9570457935333252,
                    0.06853123754262924,
                    85.26043701171875
                ],
                [
                    -0.9570456147193909,
                    0.27518272399902344,
                    0.09131205081939697,
                    10.069147109985352
                ],
                [
                    0.06853131949901581,
                    -0.09131203591823578,
                    0.9934614300727844,
                    4.675265789031982
                ],
                [
                    0.0,
                    0.0,
                    0.0,
                    1.0
                ]
            ]
        },
        "left_thumb1": {
            "parent": "left_wrist",
            "matrix_local": [
                [
                    -0.8204798102378845,
                    0.5469551086425781,
                    -0.16629081964492798,
                    74.15769958496094
                ],
                [
                    -0.5469552278518677,
                    -0.8356696963310242,
                    -0.04996146261692047,
                    3.414782762527466
                ],
                [
                    -0.16629093885421753,
                    0.04996134713292122,
                    0.9848102331161499,
                    3.79768705368042
                ],
                [
                    0.0,
                    0.0,
                    0.0,
                    1.0
                ]
            ]
        },
        "left_thumb2": {
            "parent": "left_thumb1",
            "matrix_local": [
                [
                    -0.5399536490440369,
                    0.7771005630493164,
                    0.3233644664287567,
                    75.88506317138672
                ],
                [
                    -0.777100682258606,
                    -0.6078549027442932,
                    0.16317810118198395,
                    0.7756166458129883
                ],
                [
                    0.3233644664287567,
                    -0.16317805647850037,
                    0.9320988655090332,
                    3.955472230911255
                ],
                [
                    0.0,
                    0.0,
                    0.0,
                    1.0
                ]
            ]
        },
        "left_thumb3": {
            "parent": "left_thumb2",
            "matrix_local": [
                [
                    -0.5399535894393921,
                    0.7771006226539612,
                    0.3233644664287567,
                    77.99931335449219
                ],
                [
                    -0.7771007418632507,
                    -0.6078548431396484,
                    0.16317802667617798,
                    -0.8781687021255493
                ],
                [
                    0.32336437702178955,
                    -0.16317813098430634,
                    0.9320988655090332,
                    3.5115151405334473
                ],
                [
                    0.0,
                    0.0,
                    0.0,
                    1.0
                ]
            ]
        },
        "right_collar": {
            "parent": "spine3",
            "matrix_local": [
                [
                    0.3029514253139496,
                    -0.8741326332092285,
                    0.37962183356285095,
                    -4.337233543395996
                ],
                [
                    0.8741326928138733,
                    0.09620442986488342,
                    -0.4760640859603882,
                    0.723220705986023
                ],
                [
                    0.3796218931674957,
                    0.4760640859603882,
                    0.7932530641555786,
                    3.601858139038086
                ],
                [
                    0.0,
                    0.0,
                    0.0,
                    1.0
                ]
            ]
        },
        "right_shoulder": {
            "parent": "right_collar",
            "matrix_local": [
                [
                    0.120306596159935,
                    -0.9818364381790161,
                    -0.1467091292142868,
                    -16.939945220947266
                ],
                [
                    0.9818365573883057,
                    0.09583951532840729,
                    0.1637439727783203,
                    2.1102375984191895
                ],
                [
                    -0.146709144115448,
                    -0.16374385356903076,
                    0.9755330085754395,
                    10.465459823608398
                ],
                [
                    0.0,
                    0.0,
                    0.0,
                    1.0
                ]
            ]
        },
        "right_elbow": {
            "parent": "right_shoulder",
            "matrix_local": [
                [
                    0.04744676873087883,
                    -0.9988540410995483,
                    0.006282329559326172,
                    -43.88311767578125
                ],
                [
                    0.9988541603088379,
                    0.04740538448095322,
                    -0.00658765435218811,
                    4.740228652954102
                ],
                [
                    0.006282404065132141,
                    0.006587699055671692,
                    0.9999586939811707,
                    5.97206449508667
                ],
                [
                    0.0,
                    0.0,
                    0.0,
                    1.0
                ]
            ]
        },
        "right_wrist": {
            "parent": "right_elbow",
            "matrix_local": [
                [
                    0.10545933246612549,
                    -0.9818229079246521,
                    -0.15780429542064667,
                    -70.03443908691406
                ],
                [
                    0.9818229675292969,
                    0.07762140780687332,
                    0.17320163547992706,
                    5.9813642501831055
                ],
                [
                    -0.15780417621135712,
                    -0.17320160567760468,
                    0.9721622467041016,
                    6.1445393562316895
                ],
                [
                    0.0,
                    0.0,
                    0.0,
                    1.0
                ]
            ]
        },
        "right_index1": {
            "parent": "right_wrist",
            "matrix_local": [
                [
                    -0.0968552827835083,
                    -0.9941922426223755,
                    0.04691457748413086,
                    -80.43623352050781
                ],
                [
                    0.994192361831665,
                    -0.09886188805103302,
                    -0.04252350330352783,
                    4.059758186340332
                ],
                [
                    0.046914756298065186,
                    0.042523473501205444,
                    0.997993528842926,
                    4.86508846282959
                ],
                [
                    0.0,
                    0.0,
                    0.0,
                    1.0
                ]
            ]
        },
        "right_index2": {
            "parent": "right_index1",
            "matrix_local": [
                [
                    0.03519425541162491,
                    -0.9930440783500671,
                    -0.11236202716827393,
                    -83.7037124633789
                ],
                [
                    0.9930440187454224,
                    0.022108498960733414,
                    0.11565066128969193,
                    3.73484206199646
                ],
                [
                    -0.11236187815666199,
                    -0.11565063893795013,
                    0.9869143962860107,
                    5.004844665527344
                ],
                [
                    0.0,
                    0.0,
                    0.0,
                    1.0
                ]
            ]
        },
        "right_index3": {
            "parent": "right_index2",
            "matrix_local": [
                [
                    0.035194285213947296,
                    -0.9930440783500671,
                    -0.11236204952001572,
                    -86.0027847290039
                ],
                [
                    0.9930440187454224,
                    0.022108523175120354,
                    0.11565066128969193,
                    3.786027193069458
                ],
                [
                    -0.11236187815666199,
                    -0.11565066128969193,
                    0.9869143962860107,
                    4.737092971801758
                ],
                [
                    0.0,
                    0.0,
                    0.0,
                    1.0
                ]
            ]
        },
        "right_middle1": {
            "parent": "right_wrist",
            "matrix_local": [
                [
                    0.13914047181606293,
                    -0.9901973605155945,
                    0.012221083045005798,
                    -81.22682189941406
                ],
                [
                    0.9901974201202393,
                    0.13896703720092773,
                    -0.014057129621505737,
                    6.484348297119141
                ],
                [
                    0.012221187353134155,
                    0.014057233929634094,
                    0.9998267292976379,
                    5.132810592651367
                ],
                [
                    0.0,
                    0.0,
                    0.0,
                    1.0
                ]
            ]
        },
        "right_middle2": {
            "parent": "right_middle1",
            "matrix_local": [
                [
                    0.1910879760980606,
                    -0.9782400727272034,
                    -0.08082088828086853,
                    -84.34748840332031
                ],
                [
                    0.9782401323318481,
                    0.18301299214363098,
                    0.09773893654346466,
                    6.922311305999756
                ],
                [
                    -0.08082067966461182,
                    -0.09773892164230347,
                    0.9919252395629883,
                    5.177112579345703
                ],
                [
                    0.0,
                    0.0,
                    0.0,
                    1.0
                ]
            ]
        },
        "right_middle3": {
            "parent": "right_middle2",
            "matrix_local": [
                [
                    0.1910879760980606,
                    -0.9782400727272034,
                    -0.08082088083028793,
                    -86.73236083984375
                ],
                [
                    0.9782401323318481,
                    0.18301299214363098,
                    0.09773893654346466,
                    7.36848258972168
                ],
                [
                    -0.08082067966461182,
                    -0.09773891419172287,
                    0.9919252395629883,
                    4.938832759857178
                ],
                [
                    0.0,
                    0.0,
                    0.0,
                    1.0
                ]
            ]
        },
        "right_pinky1": {
            "parent": "right_wrist",
            "matrix_local": [
                [
                    0.5727417469024658,
                    -0.8187461495399475,
                    -0.04027019441127777,
                    -78.69723510742188
                ],
                [
                    0.8187462687492371,
                    0.5689462423324585,
                    0.0771687924861908,
                    10.565479278564453
                ],
                [
                    -0.04026994854211807,
                    -0.07716873288154602,
                    0.996204674243927,
                    4.265859603881836
                ],
                [
                    0.0,
                    0.0,
                    0.0,
                    1.0
                ]
            ]
        },
        "right_pinky2": {
            "parent": "right_pinky1",
            "matrix_local": [
                [
                    0.5571685433387756,
                    -0.8288632035255432,
                    -0.05048877000808716,
                    -80.37532806396484
                ],
                [
                    0.8288632035255432,
                    0.5514122843742371,
                    0.09450149536132812,
                    11.731584548950195
                ],
                [
                    -0.050488561391830444,
                    -0.09450142830610275,
                    0.9942438006401062,
                    4.107695579528809
                ],
                [
                    0.0,
                    0.0,
                    0.0,
                    1.0
                ]
            ]
        },
        "right_pinky3": {
            "parent": "right_pinky2",
            "matrix_local": [
                [
                    0.5571685433387756,
                    -0.8288631439208984,
                    -0.05048876255750656,
                    -82.01988983154297
                ],
                [
                    0.8288632035255432,
                    0.5514122247695923,
                    0.09450150281190872,
                    12.825651168823242
                ],
                [
                    -0.05048857256770134,
                    -0.09450142085552216,
                    0.9942438006401062,
                    3.920193672180176
                ],
                [
                    0.0,
                    0.0,
                    0.0,
                    1.0
                ]
            ]
        },
        "right_ring1": {
            "parent": "right_wrist",
            "matrix_local": [
                [
                    0.17250725626945496,
                    -0.9848302602767944,
                    0.018729299306869507,
                    -80.02903747558594
                ],
                [
                    0.9848303198814392,
                    0.17208340764045715,
                    -0.022290408611297607,
                    8.89084243774414
                ],
                [
                    0.018729448318481445,
                    0.022290468215942383,
                    0.9995762705802917,
                    4.833399295806885
                ],
                [
                    0.0,
                    0.0,
                    0.0,
                    1.0
                ]
            ]
        },
        "right_ring2": {
            "parent": "right_ring1",
            "matrix_local": [
                [
                    0.28178083896636963,
                    -0.9570272564888,
                    -0.06854714453220367,
                    -82.91873931884766
                ],
                [
                    0.9570272564888,
                    0.2752387821674347,
                    0.09133904427289963,
                    9.395771980285645
                ],
                [
                    -0.06854694336652756,
                    -0.09133902192115784,
                    0.9934580326080322,
                    4.898804187774658
                ],
                [
                    0.0,
                    0.0,
                    0.0,
                    1.0
                ]
            ]
        },
        "right_ring3": {
            "parent": "right_ring2",
            "matrix_local": [
                [
                    0.28178080916404724,
                    -0.9570272564888,
                    -0.06854715943336487,
                    -85.26051330566406
                ],
                [
                    0.9570272564888,
                    0.2752387523651123,
                    0.09133903682231903,
                    10.069260597229004
                ],
                [
                    -0.06854693591594696,
                    -0.09133903682231903,
                    0.9934580326080322,
                    4.675304412841797
                ],
                [
                    0.0,
                    0.0,
                    0.0,
                    1.0
                ]
            ]
        },
        "right_thumb1": {
            "parent": "right_wrist",
            "matrix_local": [
                [
                    -0.8204723596572876,
                    -0.5469337105751038,
                    0.1663997769355774,
                    -74.15760040283203
                ],
                [
                    0.546933650970459,
                    -0.8356820940971375,
                    -0.049992263317108154,
                    3.4145913124084473
                ],
                [
                    0.16639983654022217,
                    0.049992240965366364,
                    0.9847904443740845,
                    3.7974746227264404
                ],
                [
                    0.0,
                    0.0,
                    0.0,
                    1.0
                ]
            ]
        },
        "right_thumb2": {
            "parent": "right_thumb1",
            "matrix_local": [
                [
                    -0.5399758815765381,
                    -0.7771299481391907,
                    -0.3232572674751282,
                    -75.88481903076172
                ],
                [
                    0.7771299481391907,
                    -0.6078309416770935,
                    0.1631278544664383,
                    0.7755043506622314
                ],
                [
                    -0.3232572674751282,
                    -0.16312789916992188,
                    0.9321449995040894,
                    3.955350399017334
                ],
                [
                    0.0,
                    0.0,
                    0.0,
                    1.0
                ]
            ]
        },
        "right_thumb3": {
            "parent": "right_thumb2",
            "matrix_local": [
                [
                    -0.5399758219718933,
                    -0.7771299481391907,
                    -0.3232573866844177,
                    -77.9991455078125
                ],
                [
                    0.7771299481391907,
                    -0.6078309416770935,
                    0.16312797367572784,
                    -0.8782128095626831
                ],
                [
                    -0.3232574462890625,
                    -0.16312789916992188,
                    0.9321449398994446,
                    3.511530637741089
                ],
                [
                    0.0,
                    0.0,
                    0.0,
                    1.0
                ]
            ]
        },
        "left_hip": {
            "parent": "pelvis",
            "matrix_local": [
                [
                    0.9760818481445312,
                    0.155887171626091,
                    0.15148043632507324,
                    5.645021438598633
                ],
                [
