{
    "bones": {
        "skeleton_0_Hips": {
            "parent": null,
            "matrix_local": [
                [
                    1.0,
                    0.0,
                    0.0,
                    0.0
                ],
                [
                    0.0,
                    0.8861939311027527,
                    -0.46331456303596497,
                    0.0003000000142492354
                ],
                [
                    0.0,
                    0.46331456303596497,
                    0.8861938714981079,
                    93.27519989013672
                ],
                [
                    0.0,
                    0.0,
                    0.0,
                    1.0
                ]
            ]
        },
        "skeleton_0_Spine": {
            "parent": "skeleton_0_Hips",
            "matrix_local": [
                [
                    1.0,
                    0.0,
                    0.0,
                    0.0
                ],
                [
                    0.0,
                    2.9802322387695312e-08,
                    -1.0,
                    2.774899959564209
                ],
                [
                    0.0,
                    1.0,
                    2.9802322387695312e-08,
                    101.97940063476562
                ],
                [
                    0.0,
                    0.0,
                    0.0,
                    1.0
                ]
            ]
        },
        "skeleton_0_Spine1": {
            "parent": "skeleton_0_Spine",
            "matrix_local": [
                [
                    1.0,
                    0.0,
                    0.0,
                    0.0
                ],
                [
                    0.0,
                    8.979914127849042e-06,
                    -1.0,
                    2.774900197982788
                ],
                [
                    0.0,
                    1.0,
                    8.979914127849042e-06,
                    113.66150665283203
                ],
                [
                    0.0,
                    0.0,
                    0.0,
                    1.0
                ]
            ]
        },
        "skeleton_0_Spine2": {
            "parent": "skeleton_0_Spine1",
            "matrix_local": [
                [
                    1.0,
                    0.0,
                    0.0,
                    0.0
                ],
                [
                    0.0,
                    0.0,
                    -1.0,
                    2.7750003337860107
                ],
                [
                    0.0,
                    1.0,
                    0.0,
                    125.34359741210938
                ],
                [
                    0.0,
                    0.0,
                    0.0,
                    1.0
                ]
            ]
        },
        "skeleton_0_Spine3": {
            "parent": "skeleton_0_Spine2",
            "matrix_local": [
                [
                    1.0,
                    0.0,
                    0.0,
                    0.0
                ],
                [
                    0.0,
                    -0.75698322057724,
                    -0.6534342765808105,
                    2.7750003337860107
                ],
                [
                    0.0,
                    0.6534343957901001,
                    -0.75698322057724,
                    137.02569580078125
                ],
                [
                    0.0,
                    0.0,
                    0.0,
                    1.0
                ]
            ]
        },
        "skeleton_0_RightShoulder": {
            "parent": "skeleton_0_Spine3",
            "matrix_local": [
                [
                    0.0,
                    -1.0,
                    0.0,
                    -1.8134000301361084
                ],
                [
                    -5.960464477539063e-08,
                    0.0,
                    -1.0,
                    -0.851799726486206
                ],
                [
                    1.0000001192092896,
                    0.0,
                    2.9802322387695312e-08,
                    136.85279846191406
                ],
                [
                    0.0,
                    0.0,
                    0.0,
                    1.0
                ]
            ]
        },
        "skeleton_0_RightArm": {
            "parent": "skeleton_0_RightShoulder",
            "matrix_local": [
                [
                    0.0,
                    -0.9999999403953552,
                    0.0,
                    -22.191200256347656
                ],
                [
                    -1.3311836255525122e-07,
                    0.0,
                    -1.0,
                    -0.851799726486206
                ],
                [
                    1.0000001192092896,
                    0.0,
                    -4.3711395392165286e-08,
                    136.85279846191406
                ],
                [
                    0.0,
                    0.0,
                    0.0,
                    1.0
                ]
            ]
        },
        "skeleton_0_RightForeArm": {
            "parent": "skeleton_0_RightArm",
            "matrix_local": [
                [
                    0.0,
                    -0.9999999403953552,
                    0.0,
                    -46.06780242919922
                ],
                [
                    -1.3311836255525122e-07,
                    0.0,
                    -1.0,
                    -0.851799726486206
                ],
                [
                    1.0000001192092896,
                    0.0,
                    -4.371138828673793e-08,
                    136.85279846191406
                ],
                [
                    0.0,
                    0.0,
                    0.0,
                    1.0
                ]
            ]
        },
        "skeleton_0_RightHand": {
            "parent": "skeleton_0_RightForeArm",
            "matrix_local": [
                [
                    0.009280292317271233,
                    -0.9991832971572876,
                    -0.039328061044216156,
                    -70.90250396728516
                ],
                [
                    0.0393235869705677,
                    0.03966400399804115,
                    -0.9984389543533325,
                    -0.851799726486206
                ],
                [
                    0.9991834759712219,
                    0.007719283923506737,
                    0.03965965658426285,
                    136.85279846191406
                ],
                [
                    0.0,
                    0.0,
                    0.0,
                    1.0
                ]
            ]
        },
        "RightHandMiddle1": {
            "parent": "skeleton_0_RightHand",
            "matrix_local": [
                [
                    -0.09434772282838821,
                    -0.9920328855514526,
                    0.08348339796066284,
                    -79.7987060546875
                ],
                [
                    -0.08348459750413895,
                    -0.07567805796861649,
                    -0.9936311841011047,
                    -1.0637998580932617
                ],
                [
                    0.9920327067375183,
                    -0.10071642696857452,
                    -0.07567934691905975,
                    137.73809814453125
                ],
                [
                    0.0,
                    0.0,
                    0.0,
                    1.0
                ]
            ]
        },
        "RightHandMiddle2": {
            "parent": "RightHandMiddle1",
            "matrix_local": [
                [
                    -0.21427713334560394,
                    -0.9717790484428406,
                    0.09864605218172073,
                    -83.8203125
                ],
                [
                    -0.09864532947540283,
                    -0.07894600182771683,
                    -0.9919861555099487,
                    -1.3705997467041016
                ],
                [
                    0.9717789888381958,
                    -0.22229091823101044,
                    -0.07894507795572281,
                    137.32980346679688
                ],
                [
                    0.0,
                    0.0,
                    0.0,
                    1.0
                ]
            ]
        },
        "RightHandMiddle3": {
            "parent": "RightHandMiddle2",
            "matrix_local": [
                [
                    -0.21427708864212036,
                    -0.9717790484428406,
                    0.09864611178636551,
                    -86.0040054321289
                ],
                [
                    -0.09864532202482224,
                    -0.0789460688829422,
                    -0.9919861555099487,
                    -1.5479997396469116
                ],
                [
                    0.9717789888381958,
                    -0.22229087352752686,
                    -0.07894506305456161,
                    136.83029174804688
                ],
                [
                    0.0,
                    0.0,
                    0.0,
                    1.0
                ]
            ]
        },
        "RightHandRing1": {
            "parent": "skeleton_0_RightHand",
            "matrix_local": [
                [
                    -0.030374374240636826,
                    -0.9958940148353577,
                    -0.08527874946594238,
                    -79.33350372314453
                ],
                [
                    0.0852782279253006,
                    0.08242501318454742,
                    -0.9929419755935669,
                    1.1428003311157227
                ],
                [
                    0.9958940744400024,
                    -0.03743242844939232,
                    0.0824245810508728,
                    137.443603515625
                ],
                [
                    0.0,
                    0.0,
                    0.0,
                    1.0
                ]
            ]
        },
        "RightHandRing2": {
            "parent": "RightHandRing1",
            "matrix_local": [
                [
                    -0.07525478303432465,
                    -0.9929485321044922,
                    -0.09159688651561737,
                    -82.99690246582031
                ],
                [
                    0.09159228950738907,
                    0.08458591252565384,
                    -0.9921976923942566,
                    1.4460002183914185
                ],
                [
                    0.9929488897323608,
                    -0.08305720239877701,
                    0.08458104729652405,
                    137.305908203125
                ],
                [
                    0.0,
                    0.0,
                    0.0,
                    1.0
                ]
            ]
        },
        "RightHandRing3": {
            "parent": "RightHandRing2",
            "matrix_local": [
                [
                    -0.07525479048490524,
                    -0.9929485321044922,
                    -0.09159688651561737,
                    -85.07830047607422
                ],
                [
                    0.09159228950738907,
                    0.08458591252565384,
                    -0.9921976923942566,
                    1.623300313949585
                ],
                [
                    0.9929488897323608,
                    -0.0830572098493576,
                    0.08458104729652405,
                    137.13180541992188
                ],
                [
                    0.0,
                    0.0,
                    0.0,
                    1.0
                ]
            ]
        },
        "RightHandPinky1": {
            "parent": "skeleton_0_RightHand",
            "matrix_local": [
                [
                    0.024987591430544853,
                    -0.9850673079490662,
                    -0.17034734785556793,
                    -78.72610473632812
                ],
                [
                    0.17034970223903656,
                    0.17210403084754944,
                    -0.9702376127243042,
                    2.592900514602661
                ],
                [
                    0.9850669503211975,
                    -0.004774727858603001,
                    0.17210645973682404,
                    136.25830078125
                ],
                [
                    0.0,
                    0.0,
                    0.0,
                    1.0
                ]
            ]
        },
        "RightHandPinky2": {
            "parent": "RightHandPinky1",
            "matrix_local": [
                [
                    0.019773436710238457,
                    -0.9848610758781433,
                    -0.17221501469612122,
                    -80.95489501953125
                ],
                [
                    0.1722206026315689,
                    0.17302918434143066,
                    -0.9697425961494446,
                    2.9823005199432373
                ],
                [
                    0.9848600625991821,
                    -0.010483840480446815,
                    0.17303481698036194,
                    136.24749755859375
                ],
                [
                    0.0,
                    0.0,
                    0.0,
                    1.0
                ]
            ]
        },
        "RightHandPinky3": {
            "parent": "RightHandPinky2",
            "matrix_local": [
                [
                    0.019773393869400024,
                    -0.984860897064209,
                    -0.17221589386463165,
                    -82.58899688720703
                ],
                [
                    0.17221952974796295,
                    0.1730300635099411,
                    -0.9697426557540894,
                    3.2694005966186523
                ],
                [
                    0.9848602414131165,
                    -0.010483849793672562,
                    0.17303374409675598,
                    136.2301025390625
                ],
                [
                    0.0,
                    0.0,
                    0.0,
                    1.0
                ]
            ]
        },
        "RightHandThumb1": {
            "parent": "skeleton_0_RightHand",
            "matrix_local": [
                [
                    0.5574156641960144,
                    -0.6105304956436157,
                    0.5626192688941956,
                    -72.7157974243164
                ],
                [
                    -0.5626195073127747,
                    -0.7761145234107971,
                    -0.2847904562950134,
                    -2.22629976272583
                ],
                [
                    0.6105301976203918,
                    -0.1577938199043274,
                    -0.7761147022247314,
                    135.48049926757812
                ],
                [
                    0.0,
                    0.0,
                    0.0,
                    1.0
                ]
            ]
        },
        "RightHandThumb2": {
            "parent": "RightHandThumb1",
            "matrix_local": [
                [
                    0.24601982533931732,
                    -0.7347472906112671,
                    0.6321557760238647,
                    -74.77690124511719
                ],
                [
                    -0.632154107093811,
                    -0.6160309314727783,
                    -0.46998628973960876,
                    -4.846400260925293
                ],
                [
                    0.7347486019134521,
                    -0.28399378061294556,
                    -0.6160293221473694,
                    134.9477996826172
                ],
                [
                    0.0,
                    0.0,
                    0.0,
                    1.0
                ]
            ]
        },
        "RightHandThumb3": {
            "parent": "RightHandThumb2",
            "matrix_local": [
                [
                    0.24602073431015015,
                    -0.7347466945648193,
                    0.6321561932563782,
                    -76.41020202636719
                ],
                [
                    -0.6321538090705872,
                    -0.61603182554245,
                    -0.4699855446815491,
                    -6.215799331665039
                ],
                [
                    0.7347485423088074,
                    -0.28399357199668884,
                    -0.6160295009613037,
                    134.31649780273438
                ],
                [
                    0.0,
                    0.0,
                    0.0,
                    1.0
                ]
            ]
        },
        "RightHandIndex1": {
            "parent": "skeleton_0_RightHand",
            "matrix_local": [
                [
                    -0.10701946169137955,
                    -0.9820926189422607,
                    0.15505120158195496,
                    -79.66790008544922
                ],
                [
                    -0.1550498902797699,
                    -0.13755390048027039,
                    -0.9782832860946655,
                    -3.286400318145752
                ],
                [
                    0.9820927977561951,
                    -0.12873604893684387,
                    -0.13755235075950623,
                    137.61949157714844
                ],
                [
                    0.0,
                    0.0,
                    0.0,
                    1.0
                ]
            ]
        },
        "RightHandIndex2": {
            "parent": "RightHandIndex1",
            "matrix_local": [
                [
                    -0.2507614493370056,
                    -0.9471499919891357,
                    0.2000637650489807,
                    -82.88790130615234
                ],
                [
                    -0.20006436109542847,
                    -0.15149985253810883,
                    -0.9679988622665405,
                    -3.7374000549316406
                ],
                [
                    0.9471498131752014,
                    -0.2827624976634979,
                    -0.15150059759616852,
                    137.19740295410156
                ],
                [
                    0.0,
                    0.0,
                    0.0,
                    1.0
                ]
            ]
        },
        "RightHandIndex3": {
            "parent": "RightHandIndex2",
            "matrix_local": [
                [
                    -0.2507614195346832,
                    -0.9471499919891357,
                    0.20006375014781952,
                    -85.00789642333984
                ],
                [
                    -0.20006436109542847,
                    -0.15149983763694763,
                    -0.9679988622665405,
                    -4.076499938964844
                ],
                [
                    0.9471498131752014,
                    -0.28276246786117554,
                    -0.15150059759616852,
                    136.5644989013672
                ],
                [
                    0.0,
                    0.0,
                    0.0,
                    1.0
                ]
            ]
        },
        "skeleton_0_Neck": {
            "parent": "skeleton_0_Spine3",
            "matrix_local": [
                [
                    1.0,
                    0.0,
                    0.0,
                    0.0
                ],
                [
                    0.0,
                    9.059906005859375e-06,
                    -1.0,
                    1.3243002891540527
                ],
                [
                    0.0,
                    1.0,
                    9.08970832824707e-06,
                    144.88510131835938
                ],
                [
                    0.0,
                    0.0,
                    0.0,
                    1.0
                ]
            ]
        },
        "skeleton_0_Head": {
            "parent": "skeleton_0_Neck",
            "matrix_local": [
                [
                    1.0,
                    0.0,
                    0.0,
                    0.0
                ],
                [
                    0.0,
                    -9.094947017729282e-13,
                    -1.0,
                    1.3244010210037231
                ],
                [
                    0.0,
                    1.0,
                    2.980141289299354e-08,
                    155.76539611816406
                ],
                [
                    0.0,
                    0.0,
                    0.0,
                    1.0
                ]
            ]
        },
        "skeleton_0_HeadEnd": {
            "parent": "skeleton_0_Head",
            "matrix_local": [
                [
                    1.0,
                    0.0,
                    0.0,
                    0.0
                ],
                [
                    0.0,
                    0.0,
                    -1.0,
                    1.3244010210037231
                ],
                [
                    0.0,
                    1.0,
                    2.9802322387695312e-08,
                    170.76539611816406
                ],
                [
                    0.0,
                    0.0,
                    0.0,
                    1.0
                ]
            ]
        },
        "skeleton_0_LeftShoulder": {
            "parent": "skeleton_0_Spine3",
            "matrix_local": [
                [
                    0.0,
                    1.0,
                    0.0,
                    1.8134000301361084
                ],
                [
                    5.960464477539063e-08,
                    0.0,
                    -1.0,
                    -0.851799726486206
                ],
                [
                    -1.0000001192092896,
                    0.0,
                    2.9802322387695312e-08,
                    136.85279846191406
                ],
                [
                    0.0,
                    0.0,
                    0.0,
                    1.0
                ]
            ]
        },
        "skeleton_0_LeftArm": {
            "parent": "skeleton_0_LeftShoulder",
            "matrix_local": [
                [
                    0.0,
                    0.9999999403953552,
                    0.0,
                    22.191200256347656
                ],
                [
                    1.3311836255525122e-07,
                    0.0,
                    -1.0,
                    -0.851799726486206
                ],
                [
                    -1.0000001192092896,
                    0.0,
                    -4.3711395392165286e-08,
                    136.85279846191406
                ],
                [
                    0.0,
                    0.0,
                    0.0,
                    1.0
                ]
            ]
        },
        "skeleton_0_LeftForeArm": {
            "parent": "skeleton_0_LeftArm",
            "matrix_local": [
                [
                    0.0,
                    0.9999999403953552,
                    0.0,
                    46.06780242919922
                ],
                [
                    1.3311836255525122e-07,
                    0.0,
                    -1.0,
                    -0.851799726486206
                ],
                [
                    -1.0000001192092896,
                    0.0,
                    -4.371138828673793e-08,
                    136.85279846191406
                ],
                [
                    0.0,
                    0.0,
                    0.0,
                    1.0
                ]
            ]
        },
        "skeleton_0_LeftHand": {
            "parent": "skeleton_0_LeftForeArm",
            "matrix_local": [
                [
                    0.009273791685700417,
                    0.9991832971572876,
                    0.039326272904872894,
                    70.90250396728516
                ],
                [
                    -0.039323072880506516,
                    0.0396619513630867,
                    -0.9984391331672668,
                    -0.851799726486206
                ],
                [
                    -0.9991835951805115,
                    0.0077128843404352665,
                    0.03965887054800987,
                    136.85279846191406
                ],
                [
                    0.0,
                    0.0,
                    0.0,
                    1.0
                ]
            ]
        },
        "LeftHandThumb1": {
            "parent": "skeleton_0_LeftHand",
            "matrix_local": [
                [
                    -0.009725416079163551,
                    0.7996315360069275,
                    -0.600412130355835,
                    72.7157974243164
                ],
                [
                    0.6004106998443604,
                    -0.4754849970340729,
                    -0.642978310585022,
                    -2.2263998985290527
                ],
                [
                    -0.7996328473091125,
                    -0.366747111082077,
                    -0.4754830002784729,
                    135.48040771484375
                ],
                [
                    0.0,
                    0.0,
                    0.0,
                    1.0
                ]
            ]
        },
        "LeftHandThumb2": {
            "parent": "LeftHandThumb1",
            "matrix_local": [
                [
                    -0.4215494692325592,
                    0.8536417484283447,
                    -0.305927574634552,
                    75.41529846191406
                ],
                [
                    0.30592766404151917,
                    -0.18370985984802246,
                    -0.9341621994972229,
                    -3.831599712371826
                ],
                [
                    -0.853641927242279,
                    -0.48738735914230347,
                    -0.18370965123176575,
                    134.24229431152344
                ],
                [
                    0.0,
                    0.0,
                    0.0,
                    1.0
                ]
            ]
        },
        "LeftHandThumb3": {
            "parent": "LeftHandThumb2",
            "matrix_local": [
                [
                    -0.42155030369758606,
                    0.8536418676376343,
                    -0.305926114320755,
                    77.31300354003906
                ],
                [
                    0.3059258759021759,
                    -0.18370908498764038,
                    -0.9341629147529602,
                    -4.239999771118164
                ],
                [
                    -0.8536421656608582,
                    -0.48738744854927063,
                    -0.1837083101272583,
                    133.15879821777344
                ],
                [
                    0.0,
                    0.0,
                    0.0,
                    1.0
                ]
            ]
        },
        "LeftHandIndex1": {
            "parent": "skeleton_0_LeftHand",
            "matrix_local": [
                [
                    -0.15254344046115875,
                    0.9771803617477417,
                    -0.14781276881694794,
                    79.66790008544922
                ],
                [
                    0.1478118896484375,
                    -0.12532278895378113,
                    -0.9810433387756348,
                    -3.286400079727173
                ],
                [
                    -0.9771807789802551,
                    -0.17150023579597473,
                    -0.1253216564655304,
                    137.61940002441406
                ],
                [
                    0.0,
                    0.0,
                    0.0,
                    1.0
                ]
            ]
        },
        "LeftHandIndex2": {
            "parent": "LeftHandIndex1",
            "matrix_local": [
                [
                    -0.3414449095726013,
                    0.916771650314331,
                    -0.20723091065883636,
                    82.8718032836914
                ],
                [
                    0.20723313093185425,
                    -0.14162513613700867,
                    -0.967985987663269,
                    -3.6972997188568115
                ],
                [
                    -0.916771411895752,
                    -0.3734590709209442,
                    -0.141628235578537,
                    137.05709838867188
                ],
                [
                    0.0,
                    0.0,
                    0.0,
                    1.0
                ]
            ]
        },
        "LeftHandIndex3": {
            "parent": "LeftHandIndex2",
            "matrix_local": [
                [
                    -0.3414449095726013,
                    0.916771650314331,
                    -0.20723088085651398,
                    84.92379760742188
                ],
                [
                    0.20723313093185425,
                    -0.14162510633468628,
                    -0.967985987663269,
                    -4.014300346374512
                ],
                [
                    -0.916771411895752,
                    -0.3734590709209442,
                    -0.14162825047969818,
                    136.22119140625
                ],
                [
                    0.0,
                    0.0,
                    0.0,
                    1.0
                ]
            ]
        },
        "LeftHandMiddle1": {
            "parent": "skeleton_0_LeftHand",
            "matrix_local": [
                [
                    -0.2530864477157593,
                    0.9645777344703674,
                    -0.07441011071205139,
                    79.79869842529297
                ],
                [
                    0.07441015541553497,
                    -0.05727805197238922,
                    -0.9955814480781555,
                    -1.0637998580932617
                ],
                [
                    -0.9645779132843018,
                    -0.25750505924224854,
                    -0.05727801099419594,
                    137.73809814453125
                ],
                [
                    0.0,
                    0.0,
                    0.0,
                    1.0
                ]
            ]
        },
        "LeftHandMiddle2": {
            "parent": "LeftHandMiddle1",
            "matrix_local": [
                [
                    -0.5390637516975403,
                    0.8350852727890015,
                    -0.10973973572254181,
                    83.70899963378906
                ],
                [
                    0.10973828285932541,
                    -0.05954500287771225,
                    -0.9921753406524658,
                    -1.2959997653961182
                ],
                [
                    -0.8350855112075806,
                    -0.5468885898590088,
                    -0.05954218655824661,
                    136.69419860839844
                ],
                [
                    0.0,
                    0.0,
                    0.0,
                    1.0
                ]
            ]
        },
        "LeftHandMiddle3": {
            "parent": "LeftHandMiddle2",
            "matrix_local": [
                [
                    -0.5390636920928955,
                    0.8350853323936462,
                    -0.10973973572254181,
                    85.58549499511719
                ],
                [
                    0.10973827540874481,
                    -0.059545017778873444,
                    -0.9921753406524658,
                    -1.4297997951507568
                ],
                [
                    -0.8350855708122253,
                    -0.546888530254364,
                    -0.059542182832956314,
                    135.46530151367188
                ],
                [
                    0.0,
                    0.0,
                    0.0,
                    1.0
                ]
            ]
        },
        "LeftHandRing1": {
            "parent": "skeleton_0_LeftHand",
            "matrix_local": [
                [
                    -0.19305871427059174,
                    0.9783017635345459,
                    0.07519122958183289,
                    79.33351135253906
                ],
                [
                    -0.07518864423036575,
                    0.06165693700313568,
                    -0.9952613115310669,
                    1.1428005695343018
                ],
                [
                    -0.9783021807670593,
                    -0.19779746234416962,
                    0.061653874814510345,
                    137.443603515625
                ],
                [
                    0.0,
                    0.0,
                    0.0,
                    1.0
                ]
            ]
        },
        "LeftHandRing2": {
            "parent": "LeftHandRing1",
            "matrix_local": [
                [
                    -0.42005348205566406,
                    0.9012086391448975,
                    0.10666680335998535,
                    82.93220520019531
                ],
                [
                    -0.10666658729314804,
                    0.06769408285617828,
                    -0.9919877052307129,
                    1.3696004152297974
                ],
                [
                    -0.9012088775634766,
                    -0.42806580662727356,
                    0.0676938071846962,
                    136.71600341796875
                ],
                [
                    0.0,
                    0.0,
                    0.0,
                    1.0
                ]
            ]
        },
        "LeftHandRing3": {
            "parent": "LeftHandRing2",
            "matrix_local": [
                [
                    -0.42005348205566406,
                    0.9012086391448975,
                    0.10666680335998535,
                    84.8213119506836
                ],
                [
                    -0.10666658729314804,
                    0.06769408285617828,
                    -0.9919877052307129,
                    1.511500358581543
                ],
                [
                    -0.9012088775634766,
                    -0.42806580662727356,
                    0.0676938071846962,
                    135.81869506835938
                ],
                [
                    0.0,
                    0.0,
                    0.0,
                    1.0
                ]
            ]
        },
        "LeftHandPinky1": {
            "parent": "skeleton_0_LeftHand",
            "matrix_local": [
                [
                    -0.1565655767917633,
                    0.9781606793403625,
                    0.13670670986175537,
                    78.72610473632812
                ],
                [
                    -0.13670754432678223,
                    0.11561901867389679,
                    -0.9838411808013916,
                    2.5929007530212402
                ],
                [
                    -0.9781608581542969,
                    -0.17272453010082245,
                    0.11562006175518036,
                    136.25830078125
                ],
                [
                    0.0,
                    0.0,
                    0.0,
                    1.0
                ]
            ]
        },
        "LeftHandPinky2": {
            "parent": "LeftHandPinky1",
            "matrix_local": [
                [
                    -0.34401950240135193,
                    0.9157634377479553,
                    0.20743155479431152,
                    80.93930053710938
                ],
                [
                    -0.20742926001548767,
                    0.14133690297603607,
                    -0.9679861664772034,
                    2.8545007705688477
                ],
                [
                    -0.9157641530036926,
                    -0.37603357434272766,
                    0.14133355021476746,
                    135.86749267578125
                ],
                [
                    0.0,
                    0.0,
                    0.0,
                    1.0
                ]
            ]
        },
        "LeftHandPinky3": {
            "parent": "LeftHandPinky2",
            "matrix_local": [
                [
                    -0.3440195322036743,
                    0.9157634377479553,
                    0.2074315994977951,
                    82.45870208740234
                ],
                [
                    -0.20742928981781006,
                    0.14133693277835846,
                    -0.9679861664772034,
                    3.089000701904297
                ],
                [
                    -0.9157641530036926,
                    -0.37603360414505005,
                    0.14133356511592865,
                    135.24359130859375
                ],
                [
                    0.0,
                    0.0,
                    0.0,
                    1.0
                ]
            ]
        },
        "skeleton_0_LeftUpLeg": {
            "parent": "skeleton_0_Hips",
            "matrix_local": [
                [
                    1.0,
                    0.0,
                    0.0,
                    10.88029956817627
                ],
                [
                    0.0,
                    -0.06983301043510437,
                    0.99755859375,
                    0.0002999305725097656
                ],
                [
                    0.0,
                    -0.9975586533546448,
                    -0.06983280181884766,
                    89.64839935302734
                ],
                [
                    0.0,
                    0.0,
                    0.0,
                    1.0
                ]
            ]
        },
        "skeleton_0_LeftLeg": {
            "parent": "skeleton_0_LeftUpLeg",
            "matrix_local": [
                [
                    1.0,
                    0.0,
                    0.0,
                    10.88029956817627
                ],
                [
                    0.0,
                    0.06399800628423691,
                    0.9979499578475952,
                    -2.692201852798462
                ],
                [
                    0.0,
                    -0.9979498982429504,
                    0.06399821490049362,
                    51.18619918823242
                ],
                [
                    0.0,
                    0.0,
                    0.0,
                    1.0
                ]
            ]
        },
        "skeleton_0_LeftFoot": {
            "parent": "skeleton_0_LeftLeg",
            "matrix_local": [
                [
                    1.0,
                    0.0,
                    0.0,
                    10.88029956817627
                ],
                [
                    0.0,
