{
    "bones": {
        "pelvis": {
            "parent": null,
            "matrix_local": [
                [
                    0.9971796274185181,
                    -0.06825094670057297,
                    -0.031214002519845963,
                    0.31232598423957825
                ],
                [
                    0.06825093924999237,
                    0.6517064571380615,
                    0.7553942203521729,
                    -1.2036550045013428
                ],
                [
                    -0.031213998794555664,
                    -0.7553942203521729,
                    0.6545267701148987,
                    95.04190063476562
                ],
                [
                    0.0,
                    0.0,
                    0.0,
                    1.0
                ]
            ]
        },
        "spine1": {
            "parent": "pelvis",
            "matrix_local": [
                [
                    0.9951212406158447,
                    0.07139790058135986,
                    -0.06808703392744064,
                    0.03605601191520691
                ],
                [
                    -0.0713978111743927,
                    0.04488953948020935,
                    -0.9964364767074585,
                    1.5581068992614746
                ],
                [
                    -0.06808711588382721,
                    0.9964371919631958,
                    0.04976874589920044,
                    106.03096771240234
                ],
                [
                    0.0,
                    0.0,
                    0.0,
                    1.0
                ]
            ]
        },
        "spine2": {
            "parent": "spine1",
            "matrix_local": [
                [
                    0.9339513778686523,
                    -0.18712978065013885,
                    0.30449479818344116,
                    0.9808260202407837
                ],
                [
                    0.18712949752807617,
                    -0.4698207378387451,
                    -0.8626987934112549,
                    2.1521060466766357
                ],
                [
                    0.3044947683811188,
                    0.8626998066902161,
                    -0.4037720859050751,
                    119.2162857055664
                ],
                [
                    0.0,
                    0.0,
                    0.0,
                    1.0
                ]
            ]
        },
        "spine3": {
            "parent": "spine2",
            "matrix_local": [
                [
                    0.9986249208450317,
                    -0.039835572242736816,
                    0.03407318890094757,
                    -0.15221524238586426
                ],
                [
                    0.03983534872531891,
                    0.15419062972068787,
                    -0.9872367978096008,
                    -0.6925842761993408
                ],
                [
                    0.034073323011398315,
                    0.9872375726699829,
                    0.1555662453174591,
                    124.4397964477539
                ],
                [
                    0.0,
                    0.0,
                    0.0,
                    1.0
                ]
            ]
        },
        "left_collar": {
            "parent": "spine3",
            "matrix_local": [
                [
                    0.2837908864021301,
                    0.893997311592102,
                    -0.346743643283844,
                    4.484200477600098
                ],
                [
                    -0.8939962983131409,
                    0.11591869592666626,
                    -0.4328179657459259,
                    0.029464125633239746
                ],
                [
                    -0.3467438817024231,
                    0.43281763792037964,
                    0.8321281671524048,
                    132.93417358398438
                ],
                [
                    0.0,
                    0.0,
                    0.0,
                    1.0
                ]
            ]
        },
        "left_shoulder": {
            "parent": "left_collar",
            "matrix_local": [
                [
                    0.22145015001296997,
                    0.949788510799408,
                    0.22104574739933014,
                    16.40810775756836
                ],
                [
                    -0.9497877359390259,
                    0.1586906760931015,
                    0.26966336369514465,
                    1.575558066368103
                ],
                [
                    0.2210460901260376,
                    -0.26966407895088196,
                    0.9372404217720032,
                    138.7069854736328
                ],
                [
                    0.0,
                    0.0,
                    0.0,
                    1.0
                ]
            ]
        },
        "left_elbow": {
            "parent": "left_shoulder",
            "matrix_local": [
                [
                    0.018107004463672638,
                    0.9957329630851746,
                    -0.09048421680927277,
                    41.820396423339844
                ],
                [
                    -0.9957321882247925,
                    0.009768448770046234,
                    -0.09175929427146912,
                    5.821443557739258
                ],
                [
                    -0.09048330783843994,
                    0.09175953269004822,
                    0.9916616082191467,
                    131.49192810058594
                ],
                [
                    0.0,
                    0.0,
                    0.0,
                    1.0
                ]
            ]
        },
        "left_wrist": {
            "parent": "left_elbow",
            "matrix_local": [
                [
                    0.08444873243570328,
                    0.9891774654388428,
                    0.11998196691274643,
                    67.01907348632812
                ],
                [
                    -0.9891766905784607,
                    0.06872496753931046,
                    0.12963064014911652,
                    6.068650245666504
                ],
                [
                    0.1199827492237091,
                    -0.12963084876537323,
                    0.984276294708252,
                    133.81405639648438
                ],
                [
                    0.0,
                    0.0,
                    0.0,
                    1.0
                ]
            ]
        },
        "left_index1": {
            "parent": "left_wrist",
            "matrix_local": [
                [
                    -0.08834227919578552,
                    0.9932191967964172,
                    -0.07556859403848648,
                    77.2092514038086
                ],
                [
                    -0.9932183027267456,
                    -0.09358943998813629,
                    -0.06896354258060455,
                    4.133536338806152
                ],
                [
                    -0.07556775212287903,
                    0.06896376609802246,
                    0.9947528839111328,
                    132.9452362060547
                ],
                [
                    0.0,
                    0.0,
                    0.0,
                    1.0
                ]
            ]
        },
        "left_index2": {
            "parent": "left_index1",
            "matrix_local": [
                [
                    0.00836836826056242,
                    0.9946072697639465,
                    0.1033707931637764,
                    80.40409088134766
                ],
                [
                    -0.9946064352989197,
                    -0.0024075089022517204,
                    0.10368095338344574,
                    3.832491874694824
                ],
                [
                    0.10337154567241669,
                    -0.10368119925260544,
                    0.9892240762710571,
                    133.1670684814453
                ],
                [
                    0.0,
                    0.0,
                    0.0,
                    1.0
                ]
            ]
        },
        "left_index3": {
            "parent": "left_index2",
            "matrix_local": [
                [
                    0.008368374779820442,
                    0.9946072697639465,
                    0.10337074846029282,
                    82.65858459472656
                ],
                [
                    -0.9946064352989197,
                    -0.0024075189139693975,
                    0.10368116199970245,
                    3.8270347118377686
                ],
                [
                    0.1033717542886734,
                    -0.10368115454912186,
                    0.9892240762710571,
                    132.9320526123047
                ],
                [
                    0.0,
                    0.0,
                    0.0,
                    1.0
                ]
            ]
        },
        "left_middle1": {
            "parent": "left_wrist",
            "matrix_local": [
                [
                    0.13085125386714935,
                    0.9911366105079651,
                    -0.02292325347661972,
                    77.95882415771484
                ],
                [
                    -0.9911359548568726,
                    0.1302463710308075,
                    -0.026140257716178894,
                    6.466731548309326
                ],
                [
                    -0.022922292351722717,
                    0.026140376925468445,
                    0.9993953704833984,
                    133.18128967285156
                ],
                [
                    0.0,
                    0.0,
                    0.0,
                    1.0
                ]
            ]
        },
        "left_middle2": {
            "parent": "left_middle1",
            "matrix_local": [
                [
                    0.17773523926734924,
                    0.9815679788589478,
                    0.0702422708272934,
                    81.01994323730469
                ],
                [
                    -0.9815672039985657,
                    0.17173442244529724,
                    0.08385103940963745,
                    6.868996620178223
                ],
                [
                    0.07024318724870682,
                    -0.08385113626718521,
                    0.9939994215965271,
                    133.26202392578125
                ],
                [
                    0.0,
                    0.0,
                    0.0,
                    1.0
                ]
            ]
        },
        "left_middle3": {
            "parent": "left_middle2",
            "matrix_local": [
                [
                    0.17773525416851044,
                    0.9815679788589478,
                    0.07024227827787399,
                    83.3714828491211
                ],
                [
                    -0.9815672039985657,
                    0.17173443734645844,
                    0.08385111391544342,
                    7.280420303344727
                ],
                [
                    0.07024326175451279,
                    -0.0838511511683464,
                    0.9939994215965271,
                    133.06114196777344
                ],
                [
                    0.0,
                    0.0,
                    0.0,
                    1.0
                ]
            ]
        },
        "left_pinky1": {
            "parent": "left_wrist",
            "matrix_local": [
                [
                    0.613921046257019,
                    0.788861870765686,
                    0.02823495864868164,
                    75.42375183105469
                ],
                [
                    -0.7888612747192383,
                    0.6118555068969727,
                    0.05769215524196625,
                    10.443612098693848
                ],
                [
                    0.02823590859770775,
                    -0.05769248306751251,
                    0.997934877872467,
                    132.360107421875
                ],
                [
                    0.0,
                    0.0,
                    0.0,
                    1.0
                ]
            ]
        },
        "left_pinky2": {
            "parent": "left_pinky1",
            "matrix_local": [
                [
                    0.5879693627357483,
                    0.8076766133308411,
                    0.04415722191333771,
                    76.97083282470703
                ],
                [
                    -0.8076758980751038,
                    0.5832364559173584,
                    0.08655912429094315,
                    11.643555641174316
                ],
                [
                    0.04415819048881531,
                    -0.08655945956707001,
                    0.995267391204834,
                    132.24696350097656
                ],
                [
                    0.0,
                    0.0,
                    0.0,
                    1.0
                ]
            ]
        },
        "left_pinky3": {
            "parent": "left_pinky2",
            "matrix_local": [
                [
                    0.5879693031311035,
                    0.8076766729354858,
                    0.04415721073746681,
                    78.52417755126953
                ],
                [
                    -0.8076759576797485,
                    0.5832363963127136,
                    0.08655912429094315,
                    12.765251159667969
                ],
                [
                    0.0441582053899765,
                    -0.08655945211648941,
                    0.995267391204834,
                    132.0804901123047
                ],
                [
                    0.0,
                    0.0,
                    0.0,
                    1.0
                ]
            ]
        },
        "left_ring1": {
            "parent": "left_wrist",
            "matrix_local": [
                [
                    0.18656545877456665,
                    0.981497049331665,
                    -0.04308231174945831,
                    76.76350402832031
                ],
                [
                    -0.9814964532852173,
                    0.1842833310365677,
                    -0.05198308825492859,
                    8.803115844726562
                ],
                [
                    -0.04308132827281952,
                    0.05198323726654053,
                    0.9977181553840637,
                    132.8872833251953
                ],
                [
                    0.0,
                    0.0,
                    0.0,
                    1.0
                ]
            ]
        },
        "left_ring2": {
            "parent": "left_ring1",
            "matrix_local": [
                [
                    0.29915452003479004,
                    0.9531528353691101,
                    0.04478277266025543,
                    79.56817626953125
                ],
                [
                    -0.9531522989273071,
                    0.2962925434112549,
                    0.06090501695871353,
                    9.329713821411133
                ],
                [
                    0.04478363320231438,
                    -0.060905177146196365,
                    0.9971382021903992,
                    133.03582763671875
                ],
                [
                    0.0,
                    0.0,
                    0.0,
                    1.0
                ]
            ]
        },
        "left_ring3": {
            "parent": "left_ring2",
            "matrix_local": [
                [
                    0.29915452003479004,
                    0.9531528353691101,
                    0.04478274658322334,
                    81.85035705566406
                ],
                [
                    -0.9531522989273071,
                    0.2962925434112549,
                    0.06090507656335831,
                    10.039141654968262
                ],
                [
                    0.04478369653224945,
                    -0.06090516969561577,
                    0.9971382021903992,
                    132.88999938964844
                ],
                [
                    0.0,
                    0.0,
                    0.0,
                    1.0
                ]
            ]
        },
        "left_thumb1": {
            "parent": "left_wrist",
            "matrix_local": [
                [
                    -0.8200402855873108,
                    0.5627073049545288,
                    -0.1043735072016716,
                    71.08264923095703
                ],
                [
                    -0.5627067685127258,
                    -0.8260252475738525,
                    -0.032269783318042755,
                    3.5075628757476807
                ],
                [
                    -0.10437324643135071,
                    0.0322696715593338,
                    0.9940144419670105,
                    132.01637268066406
                ],
                [
                    0.0,
                    0.0,
                    0.0,
                    1.0
                ]
            ]
        },
        "left_thumb2": {
            "parent": "left_thumb1",
            "matrix_local": [
                [
                    -0.49686554074287415,
                    0.7819901704788208,
                    0.3763185739517212,
                    72.78421783447266
                ],
                [
                    -0.781989574432373,
                    -0.591473400592804,
                    0.19659528136253357,
                    1.0097482204437256
                ],
                [
                    0.37631893157958984,
                    -0.19659563899040222,
                    0.9053916335105896,
                    132.11395263671875
                ],
                [
                    0.0,
                    0.0,
                    0.0,
                    1.0
                ]
            ]
        },
        "left_thumb3": {
            "parent": "left_thumb2",
            "matrix_local": [
                [
                    -0.4968653917312622,
                    0.7819902300834656,
                    0.37631866335868835,
                    74.83653259277344
                ],
                [
                    -0.781989574432373,
                    -0.5914733409881592,
                    0.1965954601764679,
                    -0.5425598621368408
                ],
                [
                    0.37631911039352417,
                    -0.19659565389156342,
                    0.9053915739059448,
                    131.59799194335938
                ],
                [
                    0.0,
                    0.0,
                    0.0,
                    1.0
                ]
            ]
        },
        "right_collar": {
            "parent": "spine3",
            "matrix_local": [
                [
                    0.29955238103866577,
                    -0.8812976479530334,
                    0.36548930406570435,
                    -4.9217095375061035
                ],
                [
                    0.8812966346740723,
                    0.10884179174900055,
                    -0.45985621213912964,
                    0.6474061012268066
                ],
                [
                    0.36548954248428345,
                    0.45985597372055054,
                    0.8092896342277527,
                    132.87367248535156
                ],
                [
                    0.0,
                    0.0,
                    0.0,
                    1.0
                ]
            ]
        },
        "right_shoulder": {
            "parent": "right_collar",
            "matrix_local": [
                [
                    0.11236661672592163,
                    -0.986459493637085,
                    -0.11946147680282593,
                    -15.179483413696289
                ],
                [
                    0.9864587783813477,
                    0.0962890237569809,
                    0.13276126980781555,
                    1.9142590761184692
                ],
                [
                    -0.11946162581443787,
                    -0.1327618658542633,
                    0.9839222431182861,
                    138.2261199951172
                ],
                [
                    0.0,
                    0.0,
                    0.0,
                    1.0
                ]
            ]
        },
        "right_elbow": {
            "parent": "right_shoulder",
            "matrix_local": [
                [
                    0.06166519224643707,
                    -0.9979508519172668,
                    -0.017062515020370483,
                    -42.29444122314453
                ],
                [
                    0.99795001745224,
                    0.06135493889451027,
                    0.018146567046642303,
                    4.560969829559326
                ],
                [
                    -0.017063230276107788,
                    -0.018146507441997528,
                    0.9996895790100098,
                    134.57687377929688
                ],
                [
                    0.0,
                    0.0,
                    0.0,
                    1.0
                ]
            ]
        },
        "right_wrist": {
            "parent": "right_elbow",
            "matrix_local": [
                [
                    0.09350907802581787,
                    -0.9835151433944702,
                    -0.15476973354816437,
                    -67.22119140625
                ],
                [
                    0.9835143089294434,
                    0.06708446145057678,
                    0.16792035102844238,
                    6.093489170074463
                ],
                [
                    -0.1547704041004181,
                    -0.16792044043540955,
                    0.9735751748085022,
                    134.1236114501953
                ],
                [
                    0.0,
                    0.0,
                    0.0,
                    1.0
                ]
            ]
        },
        "right_index1": {
            "parent": "right_wrist",
            "matrix_local": [
                [
                    -0.08835732191801071,
                    -0.9932190775871277,
                    0.07555456459522247,
                    -77.2092514038086
                ],
                [
                    0.993218183517456,
                    -0.0936022400856018,
                    -0.06894998252391815,
                    4.1334943771362305
                ],
                [
                    0.07555393874645233,
                    0.06895014643669128,
                    0.9947548508644104,
                    132.94532775878906
                ],
                [
                    0.0,
                    0.0,
                    0.0,
                    1.0
                ]
            ]
        },
        "right_index2": {
            "parent": "right_index1",
            "matrix_local": [
                [
                    0.008324723690748215,
                    -0.9946107864379883,
                    -0.10334201902151108,
                    -80.40406036376953
                ],
                [
                    0.9946100115776062,
                    -0.0024444302543997765,
                    0.10364770889282227,
                    3.832411527633667
                ],
                [
                    -0.10334252566099167,
                    -0.1036478653550148,
                    0.9892305135726929,
                    133.1671142578125
                ],
                [
                    0.0,
                    0.0,
                    0.0,
                    1.0
                ]
            ]
        },
        "right_index3": {
            "parent": "right_index2",
            "matrix_local": [
                [
                    0.008324720896780491,
                    -0.9946107864379883,
                    -0.10334201902151108,
                    -82.65855407714844
                ],
                [
                    0.9946100115776062,
                    -0.0024444465525448322,
                    0.10364784300327301,
                    3.8268706798553467
                ],
                [
                    -0.10334265977144241,
                    -0.1036478653550148,
                    0.9892305135726929,
                    132.9321746826172
                ],
                [
                    0.0,
                    0.0,
                    0.0,
                    1.0
                ]
            ]
        },
        "right_middle1": {
            "parent": "right_wrist",
            "matrix_local": [
                [
                    0.13085781037807465,
                    -0.9911355376243591,
                    0.022931501269340515,
                    -77.95883178710938
                ],
                [
                    0.9911348819732666,
                    0.13025273382663727,
                    -0.02615012228488922,
                    6.46687126159668
                ],
                [
                    0.022930756211280823,
                    0.026150211691856384,
                    0.9993948340415955,
                    133.18141174316406
                ],
                [
                    0.0,
                    0.0,
                    0.0,
                    1.0
                ]
            ]
        },
        "right_middle2": {
            "parent": "right_middle1",
            "matrix_local": [
                [
                    0.17772866785526276,
                    -0.9815674424171448,
                    -0.07026394456624985,
                    -81.01994323730469
                ],
                [
                    0.9815667867660522,
                    0.17172446846961975,
                    0.08387597650289536,
                    6.869155406951904
                ],
                [
                    -0.07026466727256775,
                    -0.08387603610754013,
                    0.9939956665039062,
                    133.26217651367188
                ],
                [
                    0.0,
                    0.0,
                    0.0,
                    1.0
                ]
            ]
        },
        "right_middle3": {
            "parent": "right_middle2",
            "matrix_local": [
                [
                    0.17772866785526276,
                    -0.9815674424171448,
                    -0.07026392966508865,
                    -83.37149810791016
                ],
                [
                    0.9815667867660522,
                    0.17172446846961975,
                    0.08387604355812073,
                    7.280558109283447
                ],
                [
                    -0.07026473432779312,
                    -0.08387603610754013,
                    0.9939956665039062,
                    133.0612335205078
                ],
                [
                    0.0,
                    0.0,
                    0.0,
                    1.0
                ]
            ]
        },
        "right_pinky1": {
            "parent": "right_wrist",
            "matrix_local": [
                [
                    0.6139075756072998,
                    -0.7888719439506531,
                    -0.028251878917217255,
                    -75.42386627197266
                ],
                [
                    0.7888712286949158,
                    0.6118398308753967,
                    0.05772526562213898,
                    10.443782806396484
                ],
                [
                    -0.02825285494327545,
                    -0.0577254593372345,
                    0.997932493686676,
                    132.3601531982422
                ],
                [
                    0.0,
                    0.0,
                    0.0,
                    1.0
                ]
            ]
        },
        "right_pinky2": {
            "parent": "right_pinky1",
            "matrix_local": [
                [
                    0.5879485607147217,
                    -0.8076918125152588,
                    -0.044159844517707825,
                    -76.97091674804688
                ],
                [
                    0.8076910972595215,
                    0.5832154750823975,
                    0.08656129240989685,
                    11.643656730651855
                ],
                [
                    -0.04416080564260483,
                    -0.08656149357557297,
                    0.9952670931816101,
                    132.2469482421875
                ],
                [
                    0.0,
                    0.0,
                    0.0,
                    1.0
                ]
            ]
        },
        "right_pinky3": {
            "parent": "right_pinky2",
            "matrix_local": [
                [
                    0.5879486203193665,
                    -0.807691752910614,
                    -0.04415985196828842,
                    -78.52425384521484
                ],
                [
                    0.8076910376548767,
                    0.5832155346870422,
                    0.08656129240989685,
                    12.76528549194336
                ],
                [
                    -0.04416079819202423,
                    -0.08656150102615356,
                    0.9952670931816101,
                    132.08047485351562
                ],
                [
                    0.0,
                    0.0,
                    0.0,
                    1.0
                ]
            ]
        },
        "right_ring1": {
            "parent": "right_wrist",
            "matrix_local": [
                [
                    0.18656452000141144,
                    -0.9814977049827576,
                    0.04307819902896881,
                    -76.76353454589844
                ],
                [
                    0.9814967513084412,
                    0.1842830628156662,
                    -0.05197829008102417,
                    8.803360939025879
                ],
                [
                    0.043077364563941956,
                    0.051978424191474915,
                    0.9977185130119324,
                    132.8874053955078
                ],
                [
                    0.0,
                    0.0,
                    0.0,
                    1.0
                ]
            ]
        },
        "right_ring2": {
            "parent": "right_ring1",
            "matrix_local": [
                [
                    0.2990944981575012,
                    -0.9531711339950562,
                    -0.04480041190981865,
                    -79.56817626953125
                ],
                [
                    0.9531701803207397,
                    0.2962307333946228,
                    0.06092473492026329,
                    9.329952239990234
                ],
                [
                    -0.04480113461613655,
                    -0.06092485412955284,
                    0.9971362948417664,
                    133.0359344482422
                ],
                [
                    0.0,
                    0.0,
                    0.0,
                    1.0
                ]
            ]
        },
        "right_ring3": {
            "parent": "right_ring2",
            "matrix_local": [
                [
                    0.2990945279598236,
                    -0.9531711339950562,
                    -0.04480038583278656,
                    -81.85037994384766
                ],
                [
                    0.9531701803207397,
                    0.2962307631969452,
                    0.06092480197548866,
                    10.039225578308105
                ],
                [
                    -0.04480120539665222,
                    -0.060924846678972244,
                    0.9971362948417664,
                    132.8900604248047
                ],
                [
                    0.0,
                    0.0,
                    0.0,
                    1.0
                ]
            ]
        },
        "right_thumb1": {
            "parent": "right_wrist",
            "matrix_local": [
                [
                    -0.8200360536575317,
                    -0.5627071261405945,
                    0.10440823435783386,
                    -71.08250427246094
                ],
                [
                    0.562706708908081,
                    -0.8260248303413391,
                    -0.03228083252906799,
                    3.5073540210723877
                ],
                [
                    0.10440826416015625,
                    0.03228045254945755,
                    0.994010329246521,
                    132.01617431640625
                ],
                [
                    0.0,
                    0.0,
                    0.0,
                    1.0
                ]
            ]
        },
        "right_thumb2": {
            "parent": "right_thumb1",
            "matrix_local": [
                [
                    -0.49689844250679016,
                    -0.7820676565170288,
                    -0.3761138916015625,
                    -72.7840347290039
                ],
                [
                    0.7820673584938049,
                    -0.5914008617401123,
                    0.1965034157037735,
                    1.0095961093902588
                ],
                [
                    -0.37611398100852966,
                    -0.19650384783744812,
                    0.9054965972900391,
                    132.11378479003906
                ],
                [
                    0.0,
                    0.0,
                    0.0,
                    1.0
                ]
            ]
        },
        "right_thumb3": {
            "parent": "right_thumb2",
            "matrix_local": [
                [
                    -0.496898353099823,
                    -0.7820676565170288,
                    -0.3761139214038849,
                    -74.83660125732422
                ],
                [
                    0.7820673584938049,
                    -0.5914008617401123,
                    0.19650353491306305,
                    -0.5425581932067871
                ],
                [
                    -0.3761141002178192,
                    -0.19650383293628693,
                    0.9054965376853943,
                    131.59805297851562
                ],
                [
                    0.0,
                    0.0,
                    0.0,
                    1.0
                ]
            ]
        },
        "neck": {
            "parent": "spine3",
            "matrix_local": [
                [
                    0.9737451672554016,
                    0.15142031013965607,
                    -0.16997535526752472,
                    -1.3686614036560059
                ],
                [
                    -0.15142007172107697,
                    -0.12669901549816132,
                    -0.9803149700164795,
                    2.468949794769287
                ],
                [
                    -0.16997547447681427,
                    0.9803158640861511,
                    -0.10044397413730621,
                    140.95651245117188
                ],
                [
                    0.0,
                    0.0,
                    0.0,
                    1.0
                ]
            ]
        },
        "head": {
            "parent": "neck",
            "matrix_local": [
                [
                    0.6982502937316895,
                    -0.24168719351291656,
                    0.6738198399543762,
                    1.1096868515014648
                ],
                [
                    0.24168649315834045,
                    -0.8064194917678833,
                    -0.539697527885437,
                    0.39522337913513184
                ],
                [
                    0.6738199591636658,
                    0.5396983623504639,
                    -0.5046704411506653,
                    157.00167846679688
                ],
                [
                    0.0,
                    0.0,
                    0.0,
                    1.0
                ]
            ]
        },
        "left_eye_smplhf": {
            "parent": "head",
            "matrix_local": [
                [
                    0.6595143675804138,
                    0.25209668278694153,
                    -0.7081577181816101,
                    3.1599276065826416
                ],
                [
                    -0.25209617614746094,
                    -0.8133459687232971,
                    -0.5243223309516907,
                    -6.21951961517334
                ],
                [
                    -0.708158016204834,
                    0.5243231654167175,
                    -0.47286084294319153,
                    161.265869140625
                ],
                [
                    0.0,
                    0.0,
                    0.0,
                    1.0
                ]
            ]
        },
        "right_eye_smplhf": {
            "parent": "head",
            "matrix_local": [
                [
                    0.12949058413505554,
                    -0.47686684131622314,
                    0.8693846464157104,
                    -3.1599881649017334
                ],
                [
                    0.47686585783958435,
                    -0.7387709021568298,
                    -0.47625064849853516,
                    -6.219435691833496
                ],
                [
                    0.8693848848342896,
                    0.47625094652175903,
                    0.13173794746398926,
                    161.26583862304688
                ],
                [
                    0.0,
                    0.0,
                    0.0,
                    1.0
                ]
            ]
        },
        "jaw": {
            "parent": "head",
            "matrix_local": [
                [
                    0.3373674154281616,
                    -0.9411194324493408,
                    -0.021845340728759766,
                    -0.4667764902114868
                ],
                [
                    0.9411188364028931,
                    0.3366471529006958,
                    0.03102537989616394,
                    0.9591383934020996
                ],
                [
                    -0.021845147013664246,
                    -0.031026095151901245,
                    0.9992798566818237,
                    156.94970703125
                ],
                [
                    0.0,
                    0.0,
                    0.0,
                    1.0
                ]
            ]
        },
        "left_hip": {
            "parent": "pelvis",
            "matrix_local": [
                [
                    0.9800732135772705,
                    0.14288349449634552,
                    0.1379869282245636,
