{
    "bones": {
        "BipTrump Pelvis_013": {
            "parent": null,
            "matrix_local": [
                [
                    1.0,
                    0.0,
                    2.773600272121257e-06,
                    -7.242550980333159e-15
                ],
                [
                    2.773600272121257e-06,
                    -3.852267127513187e-07,
                    -1.0,
                    0.03668110445141792
                ],
                [
                    1.06846486953166e-12,
                    1.0,
                    -3.5762786865234375e-07,
                    0.545573353767395
                ],
                [
                    0.0,
                    0.0,
                    0.0,
                    1.0
                ]
            ]
        },
        "BipTrump L Thigh_09": {
            "parent": "BipTrump Pelvis_013",
            "matrix_local": [
                [
                    -0.9997543096542358,
                    0.021381370723247528,
                    -0.005842885933816433,
                    0.11766381561756134
                ],
                [
                    0.0004832519043702632,
                    -0.24253007769584656,
                    -0.9701420068740845,
                    0.03668123856186867
                ],
                [
                    -0.022160209715366364,
                    -0.9699081778526306,
                    0.2424592673778534,
                    0.545573353767395
                ],
                [
                    0.0,
                    0.0,
                    0.0,
                    1.0
                ]
            ]
        },
        "BipTrump L Calf_02": {
            "parent": "BipTrump L Thigh_09",
            "matrix_local": [
                [
                    -0.9997543096542358,
                    0.02182389795780182,
                    0.003879863303154707,
                    0.12267664074897766
                ],
                [
                    0.00048360685468651354,
                    0.196454718708992,
                    -0.9805110096931458,
                    -0.020179536193609238
                ],
                [
                    -0.022160958498716354,
                    -0.9802694320678711,
                    -0.19641855359077454,
                    0.31817999482154846
                ],
                [
                    0.0,
                    0.0,
                    0.0,
                    1.0
                ]
            ]
        },
        "BipTrump L Foot_06": {
            "parent": "BipTrump L Calf_02",
            "matrix_local": [
                [
                    0.014735618606209755,
                    0.08723052591085434,
                    0.99607914686203,
                    0.12779322266578674
                ],
                [
                    -0.4548936188220978,
                    -0.8865383863449097,
                    0.08436676859855652,
                    0.025878991931676865
                ],
                [
                    0.8904226422309875,
                    -0.45435503125190735,
                    0.02661718986928463,
                    0.08835722506046295
                ],
                [
                    0.0,
                    0.0,
                    0.0,
                    1.0
                ]
            ]
        },
        "BipTrump Spine_024": {
            "parent": "BipTrump Pelvis_013",
            "matrix_local": [
                [
                    1.0,
                    -4.018706647457293e-07,
                    -1.4399354313354706e-06,
                    -5.875494535345638e-10
                ],
                [
                    -1.3603357729152776e-06,
                    0.154852032661438,
                    -0.9879376888275146,
                    0.03689413145184517
                ],
                [
                    6.20000150775013e-07,
                    0.9879376888275146,
                    0.15485206246376038,
                    0.6229361295700073
                ],
                [
                    0.0,
                    0.0,
                    0.0,
                    1.0
                ]
            ]
        },
        "BipTrump Spine1_025": {
            "parent": "BipTrump Spine_024",
            "matrix_local": [
                [
                    1.8788197166941245e-06,
                    -1.5286354937416036e-06,
                    0.9999998807907104,
                    -1.0927814741990005e-07
                ],
                [
                    0.793336033821106,
                    -0.608784019947052,
                    -2.3884372239990626e-06,
                    0.07900156080722809
                ],
                [
                    0.608784019947052,
                    0.7933361530303955,
                    2.6992637458533864e-08,
                    0.8906300663948059
                ],
                [
                    0.0,
                    0.0,
                    0.0,
                    1.0
                ]
            ]
        },
        "BipTrump Head_01": {
            "parent": "BipTrump Spine1_025",
            "matrix_local": [
                [
                    1.907634896269883e-06,
                    -1.8086798263539094e-06,
                    -0.9999998807907104,
                    -5.50387483144732e-07
                ],
                [
                    -0.9999999403953552,
                    -3.63587923857267e-06,
                    -1.940336460393155e-06,
                    -0.09667165577411652
                ],
                [
                    -3.5464761367620667e-06,
                    1.000000238418579,
                    -1.7667533711573924e-06,
                    1.1195584535598755
                ],
                [
                    0.0,
                    0.0,
                    0.0,
                    1.0
                ]
            ]
        },
        "BipTrump L Clavicle_03": {
            "parent": "BipTrump Spine1_025",
            "matrix_local": [
                [
                    0.24847513437271118,
                    0.9519925713539124,
                    -0.17880268394947052,
                    0.09650255739688873
                ],
                [
                    -0.40191152691841125,
                    0.2692784368991852,
                    0.8751893639564514,
                    -0.010220356285572052
                ],
                [
                    0.8813214302062988,
                    -0.14560014009475708,
                    0.4495258927345276,
                    1.096117377281189
                ],
                [
                    0.0,
                    0.0,
                    0.0,
                    1.0
                ]
            ]
        },
        "BipTrump L UpperArm_011": {
            "parent": "BipTrump L Clavicle_03",
            "matrix_local": [
                [
                    0.018925607204437256,
                    0.9998155832290649,
                    -0.0032770633697509766,
                    0.2523192763328552
                ],
                [
                    0.36911869049072266,
                    -0.003941059112548828,
                    0.9293739795684814,
                    0.033853549510240555
                ],
                [
                    0.9291898012161255,
                    -0.018798813223838806,
                    -0.3691251277923584,
                    1.0722861289978027
                ],
                [
                    0.0,
                    0.0,
                    0.0,
                    1.0
                ]
            ]
        },
        "BipTrump L Forearm_07": {
            "parent": "BipTrump L UpperArm_011",
            "matrix_local": [
                [
                    0.018931550905108452,
                    0.9926044344902039,
                    0.11990925669670105,
                    0.5175594091415405
                ],
                [
                    0.36912432312965393,
                    -0.11839713901281357,
                    0.9218077063560486,
                    0.03280798718333244
                ],
                [
                    0.9291874170303345,
                    0.026809943839907646,
                    -0.3686358332633972,
                    1.0672985315322876
                ],
                [
                    0.0,
                    0.0,
                    0.0,
                    1.0
                ]
            ]
        },
        "BipTrump L Hand_08": {
            "parent": "BipTrump L Forearm_07",
            "matrix_local": [
                [
                    0.1667574793100357,
                    0.9766351580619812,
                    0.1355590522289276,
                    0.7366976737976074
                ],
                [
                    0.9442593455314636,
                    -0.11860418319702148,
                    -0.30709514021873474,
                    0.00666922889649868
                ],
                [
                    -0.28384196758270264,
                    0.17921310663223267,
                    -0.9419749975204468,
                    1.0732182264328003
                ],
                [
                    0.0,
                    0.0,
                    0.0,
                    1.0
                ]
            ]
        },
        "BipTrump L Finger0_04": {
            "parent": "BipTrump L Hand_08",
            "matrix_local": [
                [
                    0.7103168964385986,
                    0.6491925716400146,
                    0.27202844619750977,
                    0.7749140858650208
                ],
                [
                    0.20546916127204895,
                    -0.5608736872673035,
                    0.8019993305206299,
                    -0.052321020513772964
                ],
                [
                    0.6732255220413208,
                    -0.5137803554534912,
                    -0.5317871570587158,
                    1.0685646533966064
                ],
                [
                    0.0,
                    0.0,
                    0.0,
                    1.0
                ]
            ]
        },
        "BipTrump L Finger1_05": {
            "parent": "BipTrump L Hand_08",
            "matrix_local": [
                [
                    0.05086592212319374,
                    0.7644229531288147,
                    -0.6427056789398193,
                    0.8364434242248535
                ],
                [
                    0.947603166103363,
                    -0.24016009271144867,
                    -0.2106453776359558,
                    -0.003917019814252853
                ],
                [
                    -0.31537434458732605,
                    -0.598315417766571,
                    -0.7365854978561401,
                    1.0788952112197876
                ],
                [
                    0.0,
                    0.0,
                    0.0,
                    1.0
                ]
            ]
        },
        "BipTrump R Clavicle_015": {
            "parent": "BipTrump Spine1_025",
            "matrix_local": [
                [
                    0.24847345054149628,
                    -0.9519931674003601,
                    0.17880018055438995,
                    -0.09650217741727829
                ],
                [
                    0.40191251039505005,
                    0.26927563548088074,
                    0.8751897811889648,
                    -0.010220587253570557
                ],
                [
                    -0.8813214898109436,
                    -0.14559942483901978,
                    0.44952592253685,
                    1.096117615699768
                ],
                [
                    0.0,
                    0.0,
                    0.0,
                    1.0
                ]
            ]
        },
        "BipTrump R UpperArm_023": {
            "parent": "BipTrump R Clavicle_015",
            "matrix_local": [
                [
                    0.018926888704299927,
                    -0.9998153448104858,
                    0.003274470567703247,
                    -0.2523190379142761
                ],
                [
                    -0.3691181540489197,
                    -0.003943905234336853,
                    0.9293742179870605,
                    0.033852893859148026
                ],
                [
                    -0.9291898012161255,
                    -0.01879878342151642,
                    -0.3691248297691345,
                    1.0722867250442505
                ],
                [
                    0.0,
                    0.0,
                    0.0,
                    1.0
                ]
            ]
        },
        "BipTrump R Forearm_019": {
            "parent": "BipTrump R UpperArm_023",
            "matrix_local": [
                [
                    0.018931018188595772,
                    -0.9926037788391113,
                    -0.11991176009178162,
                    -0.5175592303276062
                ],
                [
                    -0.3691108226776123,
                    -0.11839966475963593,
                    0.9218127727508545,
                    0.0328066311776638
                ],
                [
                    -0.9291926622390747,
                    0.026809943839907646,
                    -0.36862245202064514,
                    1.0672990083694458
                ],
                [
                    0.0,
                    0.0,
                    0.0,
                    1.0
                ]
            ]
        },
        "BipTrump R Hand_020": {
            "parent": "BipTrump R Forearm_019",
            "matrix_local": [
                [
                    0.16676008701324463,
                    -0.9766342639923096,
                    -0.13555936515331268,
                    -0.7366973161697388
                ],
                [
                    -0.9442591667175293,
                    -0.11860662698745728,
                    -0.307094931602478,
                    0.006667321547865868
                ],
                [
                    0.2838413715362549,
                    0.1792144924402237,
                    -0.9419748783111572,
                    1.0732187032699585
                ],
                [
                    0.0,
                    0.0,
                    0.0,
                    1.0
                ]
            ]
        },
        "BipTrump R Finger0_016": {
            "parent": "BipTrump R Hand_020",
            "matrix_local": [
                [
                    0.7103197574615479,
                    -0.6491876840591431,
                    -0.27203091979026794,
                    -0.7749136090278625
                ],
                [
                    -0.2054661065340042,
                    -0.5608775615692139,
                    0.8019975423812866,
                    -0.052323102951049805
                ],
                [
                    -0.6732232570648193,
                    -0.5137815475463867,
                    -0.5317888259887695,
                    1.0685652494430542
                ],
                [
                    0.0,
                    0.0,
                    0.0,
                    1.0
                ]
            ]
        },
        "BipTrump R Finger1_017": {
            "parent": "BipTrump R Hand_020",
            "matrix_local": [
                [
                    0.05086829885840416,
                    -0.7644228339195251,
                    0.6427053213119507,
                    -0.8364428877830505
                ],
                [
                    -0.9476031064987183,
                    -0.2401616871356964,
                    -0.21064385771751404,
                    -0.003919187467545271
                ],
                [
                    0.31537434458732605,
                    -0.5983145236968994,
                    -0.7365861535072327,
                    1.0788955688476562
                ],
                [
                    0.0,
                    0.0,
                    0.0,
                    1.0
                ]
            ]
        },
        "BipTrump R Thigh_021": {
            "parent": "BipTrump Pelvis_013",
            "matrix_local": [
                [
                    -0.9997543096542358,
                    -0.021381322294473648,
                    0.005845331586897373,
                    -0.11766379326581955
                ],
                [
                    -0.00048621982568874955,
                    -0.24253050982952118,
                    -0.9701389670372009,
                    0.036680903285741806
                ],
                [
                    0.022160977125167847,
                    -0.9699075818061829,
                    0.24245820939540863,
                    0.5455731749534607
                ],
                [
                    0.0,
                    0.0,
                    0.0,
                    1.0
                ]
            ]
        },
        "BipTrump R Calf_014": {
            "parent": "BipTrump R Thigh_021",
            "matrix_local": [
                [
                    -0.9997543096542358,
                    -0.021823838353157043,
                    -0.0038782660849392414,
                    -0.1226765438914299
                ],
                [
                    -0.00048577209236100316,
                    0.19645419716835022,
                    -0.9805082678794861,
                    -0.02018001675605774
                ],
                [
                    0.022160809487104416,
                    -0.980268120765686,
                    -0.19642040133476257,
                    0.31818005442619324
                ],
                [
                    0.0,
                    0.0,
                    0.0,
                    1.0
                ]
            ]
        },
        "BipTrump R Foot_018": {
            "parent": "BipTrump R Calf_014",
            "matrix_local": [
                [
                    0.014739468693733215,
                    -0.08723036199808121,
                    -0.9960792064666748,
                    -0.12779320776462555
                ],
                [
                    0.4548910856246948,
                    -0.8865367770195007,
                    0.08436764031648636,
                    0.025878483429551125
                ],
                [
                    -0.8904215693473816,
                    -0.45435553789138794,
                    0.02661397121846676,
                    0.08835737407207489
                ],
                [
                    0.0,
                    0.0,
                    0.0,
                    1.0
                ]
            ]
        }
    },
    "armature": {
        "armature_matrix": [
            [
                1.0,
                0.0,
                0.0,
                0.0
            ],
            [
                0.0,
                1.0,
                0.0,
                0.0
            ],
            [
                0.0,
                0.0,
                1.0,
                0.0
            ],
            [
                0.0,
                0.0,
                0.0,
                1.0
            ]
        ]
    }
}