{
    "bones": {
        "spine": {
            "parent": null,
            "matrix_local": [
                [
                    0.998323380947113,
                    0.05782361328601837,
                    0.0026282593607902527,
                    -4.736661503557116e-05
                ],
                [
                    -0.028739681467413902,
                    0.5345808267593384,
                    -0.8446284532546997,
                    0.03670009970664978
                ],
                [
                    -0.05024448782205582,
                    0.8431367874145508,
                    0.5353464484214783,
                    0.26492422819137573
                ],
                [
                    0.0,
                    0.0,
                    0.0,
                    1.0
                ]
            ]
        },
        "spine.001": {
            "parent": "spine",
            "matrix_local": [
                [
                    0.9992774128913879,
                    -0.03792586922645569,
                    0.002502506598830223,
                    0.008708156645298004
                ],
                [
                    0.011844303458929062,
                    0.24816060066223145,
                    -0.9686463475227356,
                    0.11764514446258545
                ],
                [
                    0.036115728318691254,
                    0.9679760932922363,
                    0.2484305500984192,
                    0.39259013533592224
                ],
                [
                    0.0,
                    0.0,
                    0.0,
                    1.0
                ]
            ]
        },
        "spine.002": {
            "parent": "spine.001",
            "matrix_local": [
                [
                    0.9989688992500305,
                    0.04527672752737999,
                    0.0033446636516600847,
                    0.0007051452994346619
                ],
                [
                    0.0012764455750584602,
                    0.04563148319721222,
                    -0.9989573359489441,
                    0.17001129686832428
                ],
                [
                    -0.04538215324282646,
                    0.9979316592216492,
                    0.04552669823169708,
                    0.5968497395515442
                ],
                [
                    0.0,
                    0.0,
                    0.0,
                    1.0
                ]
            ]
        },
        "spine.005": {
            "parent": "spine.002",
            "matrix_local": [
                [
                    0.9997729659080505,
                    -0.02129936031997204,
                    0.0006369876209646463,
                    0.009798262268304825
                ],
                [
                    -0.002673674840480089,
                    -0.15504448115825653,
                    -0.9879037141799927,
                    0.17917566001415253
                ],
                [
                    0.02114047110080719,
                    0.9876777529716492,
                    -0.15506619215011597,
                    0.7972685694694519
                ],
                [
                    0.0,
                    0.0,
                    0.0,
                    1.0
                ]
            ]
        },
        "spine.004": {
            "parent": "spine.005",
            "matrix_local": [
                [
                    1.0,
                    -4.608591552823782e-08,
                    2.3184111341834068e-07,
                    8.381903171539307e-09
                ],
                [
                    2.3265602067112923e-07,
                    0.0722396969795227,
                    -0.997387170791626,
                    -0.11668418347835541
                ],
                [
                    2.0670995581895113e-08,
                    0.997387170791626,
                    0.07223975658416748,
                    0.6566722989082336
                ],
                [
                    0.0,
                    0.0,
                    0.0,
                    1.0
                ]
            ]
        },
        "pelvis.L": {
            "parent": "spine",
            "matrix_local": [
                [
                    -0.6421384215354919,
                    0.5539115071296692,
                    -0.5299432873725891,
                    -2.0845618564635515e-09
                ],
                [
                    -0.5450155735015869,
                    -0.8160215020179749,
                    -0.192527174949646,
                    0.03863999620079994
                ],
                [
                    -0.539088249206543,
                    0.165198415517807,
                    0.8258893489837646,
                    0.2649509906768799
                ],
                [
                    0.0,
                    0.0,
                    0.0,
                    1.0
                ]
            ]
        },
        "thigh.L": {
            "parent": "spine",
            "matrix_local": [
                [
                    1.0000001192092896,
                    -4.350440576672554e-07,
                    -9.685754776000977e-08,
                    0.2237870693206787
                ],
                [
                    2.3259781301021576e-07,
                    -0.06488463282585144,
                    0.997891902923584,
                    0.02296251803636551
                ],
                [
                    -4.796311259269714e-07,
                    -0.9978926777839661,
                    -0.06488427519798279,
                    0.3037995398044586
                ],
                [
                    0.0,
                    0.0,
                    0.0,
                    1.0
                ]
            ]
        },
        "shin.L": {
            "parent": "thigh.L",
            "matrix_local": [
                [
                    1.0000001192092896,
                    8.068946044659242e-07,
                    8.037731618060207e-07,
                    0.22378700971603394
                ],
                [
                    -7.446811309819168e-07,
                    0.14004579186439514,
                    0.9901441931724548,
                    0.013304338790476322
                ],
                [
                    6.471576057265338e-07,
                    -0.9901448488235474,
                    0.14004629850387573,
                    0.15526165068149567
                ],
                [
                    0.0,
                    0.0,
                    0.0,
                    1.0
                ]
            ]
        },
        "thigh.R": {
            "parent": "spine",
            "matrix_local": [
                [
                    1.0,
                    -3.91155481338501e-08,
                    -6.984919309616089e-10,
                    -0.19458507001399994
                ],
                [
                    1.0710209608078003e-08,
                    -0.06488510966300964,
                    0.9978925585746765,
                    0.022962559014558792
                ],
                [
                    -4.7730281949043274e-08,
                    -0.9978926181793213,
                    -0.06488510966300964,
                    0.3037995398044586
                ],
                [
                    0.0,
                    0.0,
                    0.0,
                    1.0
                ]
            ]
        },
        "shin.R": {
            "parent": "thigh.R",
            "matrix_local": [
                [
                    1.0,
                    -1.3183898417423734e-15,
                    -1.246902741058875e-07,
                    -0.19458507001399994
                ],
                [
                    1.3601264470253227e-07,
                    0.14004604518413544,
                    0.9901448488235474,
                    0.01330430805683136
                ],
                [
                    8.810549623206043e-09,
                    -0.9901449084281921,
                    0.14004606008529663,
                    0.15526165068149567
                ],
                [
                    0.0,
                    0.0,
                    0.0,
                    1.0
                ]
            ]
        },
        "pelvis.R": {
            "parent": "spine",
            "matrix_local": [
                [
                    -0.6421381831169128,
                    -0.5539114475250244,
                    0.5299434661865234,
                    -2.0845618564635515e-09
                ],
                [
                    0.5450154542922974,
                    -0.8160213232040405,
                    -0.19252726435661316,
                    0.03863999620079994
                ],
                [
                    0.5390883088111877,
                    0.16519835591316223,
                    0.8258891701698303,
                    0.2649509906768799
                ],
                [
                    0.0,
                    0.0,
                    0.0,
                    1.0
                ]
            ]
        },
        "upper_arm.L": {
            "parent": "spine",
            "matrix_local": [
                [
                    -0.006823103409260511,
                    0.9993667006492615,
                    0.03492879122495651,
                    0.2614600360393524
                ],
                [
                    0.09155881404876709,
                    0.03540720045566559,
                    -0.9951699376106262,
                    0.08664534240961075
                ],
                [
                    -0.995776355266571,
                    -0.0035919807851314545,
                    -0.09174242615699768,
                    0.5128797888755798
                ],
                [
                    0.0,
                    0.0,
                    0.0,
                    1.0
                ]
            ]
        },
        "forearm.L": {
            "parent": "upper_arm.L",
            "matrix_local": [
                [
                    -0.014990770258009434,
                    0.9980281591415405,
                    -0.06095507740974426,
                    0.41344696283340454
                ],
                [
                    0.07986822724342346,
                    -0.059571947902441025,
                    -0.9950236678123474,
                    0.09203018248081207
                ],
                [
                    -0.9966927170753479,
                    -0.019784418866038322,
                    -0.07881773263216019,
                    0.5123335123062134
                ],
                [
                    0.0,
                    0.0,
                    0.0,
                    1.0
                ]
            ]
        },
        "upper_arm.R": {
            "parent": "spine",
            "matrix_local": [
                [
                    -0.006822800263762474,
                    -0.9993664026260376,
                    -0.034928809851408005,
                    -0.2614600360393524
                ],
                [
                    -0.09155869483947754,
                    0.03540723770856857,
                    -0.9951699376106262,
                    0.08664532750844955
                ],
                [
                    0.9957762360572815,
                    -0.00359199196100235,
                    -0.09174221754074097,
                    0.5128797888755798
                ],
                [
                    0.0,
                    0.0,
                    0.0,
                    1.0
                ]
            ]
        },
        "forearm.R": {
            "parent": "upper_arm.R",
            "matrix_local": [
                [
                    -0.014990454539656639,
                    -0.9980278611183167,
                    0.0609547384083271,
                    -0.41344666481018066
                ],
                [
                    -0.07986829429864883,
                    -0.05957161262631416,
                    -0.9950236678123474,
                    0.09203016757965088
                ],
                [
                    0.9966925978660583,
                    -0.019784387201070786,
                    -0.0788177102804184,
                    0.5123335123062134
                ],
                [
                    0.0,
                    0.0,
                    0.0,
                    1.0
                ]
            ]
        }
    },
    "armature": {
        "armature_matrix": [
            [
                1.0,
                0.0,
                0.0,
                2.858428955078125
            ],
            [
                0.0,
                1.0,
                0.0,
                0.0
            ],
            [
                0.0,
                0.0,
                1.0,
                0.0
            ],
            [
                0.0,
                0.0,
                0.0,
                1.0
            ]
        ]
    }
}