{
    "bones": {
        "mixamorig:Hips": {
            "parent": null,
            "matrix_local": [
                [
                    1.0,
                    -1.448461688369207e-07,
                    -3.32422871451854e-08,
                    -0.0010999999940395355
                ],
                [
                    1.4493649302949052e-07,
                    0.9011181592941284,
                    0.43357357382774353,
                    -0.02160000056028366
                ],
                [
                    -3.284623772970008e-08,
                    -0.43357357382774353,
                    0.9011181592941284,
                    1.0386998653411865
                ],
                [
                    0.0,
                    0.0,
                    0.0,
                    1.0
                ]
            ]
        },
        "mixamorig:Spine": {
            "parent": "mixamorig:Hips",
            "matrix_local": [
                [
                    1.0,
                    -3.552713678800501e-15,
                    1.7763568394002505e-15,
                    -0.0010999999940395355
                ],
                [
                    -1.687538997430238e-14,
                    0.0408671498298645,
                    -0.9991644620895386,
                    -0.017499972134828568
                ],
                [
                    7.105427357601002e-15,
                    0.9991645812988281,
                    0.04086729884147644,
                    1.14139986038208
                ],
                [
                    0.0,
                    0.0,
                    0.0,
                    1.0
                ]
            ]
        },
        "mixamorig:Spine1": {
            "parent": "mixamorig:Spine",
            "matrix_local": [
                [
                    1.0,
                    -3.4896682092080855e-24,
                    -4.235164736271502e-22,
                    -0.0010999999940395355
                ],
                [
                    -1.87954527294679e-14,
                    0.040841780602931976,
                    -0.9991654753684998,
                    -0.012599995359778404
                ],
                [
                    3.62827664099211e-15,
                    0.9991655945777893,
                    0.040841929614543915,
                    1.2611998319625854
                ],
                [
                    0.0,
                    0.0,
                    0.0,
                    1.0
                ]
            ]
        },
        "mixamorig:Spine2": {
            "parent": "mixamorig:Spine1",
            "matrix_local": [
                [
                    1.0,
                    8.238635551549578e-09,
                    -7.470110752194614e-09,
                    -0.0010999999940395355
                ],
                [
                    -7.826287173884339e-09,
                    0.04411289095878601,
                    -0.9990264177322388,
                    -0.0069999960251152515
                ],
                [
                    -7.901081566785706e-09,
                    0.9990265369415283,
                    0.04411303997039795,
                    1.3981999158859253
                ],
                [
                    0.0,
                    0.0,
                    0.0,
                    1.0
                ]
            ]
        },
        "mixamorig:RightShoulder": {
            "parent": "mixamorig:Spine2",
            "matrix_local": [
                [
                    -0.02745252475142479,
                    -0.9623034596443176,
                    0.27058929204940796,
                    -0.06989999115467072
                ],
                [
                    -0.9987959861755371,
                    0.015396864153444767,
                    -0.04657594487071037,
                    0.00040000444278120995
                ],
                [
                    0.04065409302711487,
                    -0.27154219150543213,
                    -0.9615674614906311,
                    1.5328997373580933
                ],
                [
                    0.0,
                    0.0,
                    0.0,
                    1.0
                ]
            ]
        },
        "mixamorig:RightArm": {
            "parent": "mixamorig:RightShoulder",
            "matrix_local": [
                [
                    -0.03864772617816925,
                    -0.9988601207733154,
                    0.028017327189445496,
                    -0.20739991962909698
                ],
                [
                    -0.9985426068305969,
                    0.037548042833805084,
                    -0.03876502439379692,
                    0.0026000046636909246
                ],
                [
                    0.03766896575689316,
                    -0.029474735260009766,
                    -0.998855471611023,
                    1.4941000938415527
                ],
                [
                    0.0,
                    0.0,
                    0.0,
                    1.0
                ]
            ]
        },
        "mixamorig:RightForeArm": {
            "parent": "mixamorig:RightArm",
            "matrix_local": [
                [
                    0.047709669917821884,
                    -0.9987756013870239,
                    0.013083556666970253,
                    -0.454800009727478
                ],
                [
                    -0.9980573654174805,
                    -0.04819263517856598,
                    -0.03948293253779411,
                    0.011899994686245918
                ],
                [
                    0.04006524756550789,
                    -0.01117447018623352,
                    -0.9991346001625061,
                    1.486799716949463
                ],
                [
                    0.0,
                    0.0,
                    0.0,
                    1.0
                ]
            ]
        },
        "mixamorig:RightHand": {
            "parent": "mixamorig:RightForeArm",
            "matrix_local": [
                [
                    0.0881500095129013,
                    -0.9937863349914551,
                    0.06796056777238846,
                    -0.7408000230789185
                ],
                [
                    -0.9958813190460205,
                    -0.08937761187553406,
                    -0.015232706442475319,
                    -0.0018999939784407616
                ],
                [
                    0.02121233567595482,
                    -0.0663379356265068,
                    -0.9975717067718506,
                    1.4835999011993408
                ],
                [
                    0.0,
                    0.0,
                    0.0,
                    1.0
                ]
            ]
        },
        "mixamorig:RightHandThumb1": {
            "parent": "mixamorig:RightHand",
            "matrix_local": [
                [
                    0.6757856607437134,
                    -0.7052830457687378,
                    0.21421970427036285,
                    -0.7692999839782715
                ],
                [
                    -0.7238253355026245,
                    -0.6898772120475769,
                    0.012101071886718273,
                    -0.02979998290538788
                ],
                [
                    0.13925069570541382,
                    -0.16323530673980713,
                    -0.9767105579376221,
                    1.4769998788833618
                ],
                [
                    0.0,
                    0.0,
                    0.0,
                    1.0
                ]
            ]
        },
        "mixamorig:RightHandThumb2": {
            "parent": "mixamorig:RightHandThumb1",
            "matrix_local": [
                [
                    0.22779837250709534,
                    -0.971954345703125,
                    0.058422625064849854,
                    -0.7922001481056213
                ],
                [
                    -0.9737080931663513,
                    -0.2274298071861267,
                    0.012974930927157402,
                    -0.05219992995262146
                ],
                [
                    0.0006761178374290466,
                    -0.05984228849411011,
                    -0.9982076287269592,
                    1.4716997146606445
                ],
                [
                    0.0,
                    0.0,
                    0.0,
                    1.0
                ]
            ]
        },
        "mixamorig:RightHandThumb3": {
            "parent": "mixamorig:RightHandThumb2",
            "matrix_local": [
                [
                    -0.07673338800668716,
                    -0.9885444641113281,
                    0.12997087836265564,
                    -0.8328000903129578
                ],
                [
                    -0.9955258369445801,
                    0.08317110687494278,
                    0.04484499245882034,
                    -0.0617000013589859
                ],
                [
                    -0.05514098331332207,
                    -0.12594830989837646,
                    -0.990503191947937,
                    1.4692000150680542
                ],
                [
                    0.0,
                    0.0,
                    0.0,
                    1.0
                ]
            ]
        },
        "mixamorig:RightHandThumb4": {
            "parent": "mixamorig:RightHandThumb3",
            "matrix_local": [
                [
                    -0.07673277705907822,
                    -0.9885451793670654,
                    0.12996569275856018,
                    -0.8744000792503357
                ],
                [
                    -0.995525598526001,
                    0.08317088335752487,
                    0.044850368052721024,
                    -0.058199990540742874
                ],
                [
                    -0.05514586716890335,
                    -0.12594273686408997,
                    -0.9905036091804504,
                    1.463899850845337
                ],
                [
                    0.0,
                    0.0,
                    0.0,
                    1.0
                ]
            ]
        },
        "mixamorig:RightHandThumb4_end": {
            "parent": "mixamorig:RightHandThumb4",
            "matrix_local": [
                [
                    -0.07673276960849762,
                    -0.9885451197624207,
                    0.129965677857399,
                    -0.9160000681877136
                ],
                [
                    -0.995525598526001,
                    0.08317086845636368,
                    0.044850368052721024,
                    -0.05469999089837074
                ],
                [
                    -0.05514586716890335,
                    -0.12594270706176758,
                    -0.9905036091804504,
                    1.4585999250411987
                ],
                [
                    0.0,
                    0.0,
                    0.0,
                    1.0
                ]
            ]
        },
        "mixamorig:RightHandIndex1": {
            "parent": "mixamorig:RightHand",
            "matrix_local": [
                [
                    -0.022936057299375534,
                    -0.9995708465576172,
                    0.018229808658361435,
                    -0.8321000337600708
                ],
                [
                    -0.9996790885925293,
                    0.023126861080527306,
                    0.010330380871891975,
                    -0.03380000591278076
                ],
                [
                    -0.010747423395514488,
                    -0.01798708736896515,
                    -0.999780535697937,
                    1.4799998998641968
                ],
                [
                    0.0,
                    0.0,
                    0.0,
                    1.0
                ]
            ]
        },
        "mixamorig:RightHandIndex2": {
            "parent": "mixamorig:RightHandIndex1",
            "matrix_local": [
                [
                    -0.022080717608332634,
                    -0.9997199773788452,
                    0.008506941609084606,
                    -0.8709999918937683
                ],
                [
                    -0.9997166991233826,
                    0.022154545411467552,
                    0.008694806136190891,
                    -0.03289998695254326
                ],
                [
                    -0.008880717679858208,
                    -0.008312608115375042,
                    -0.9999260902404785,
                    1.4792999029159546
                ],
                [
                    0.0,
                    0.0,
                    0.0,
                    1.0
                ]
            ]
        },
        "mixamorig:RightHandIndex3": {
            "parent": "mixamorig:RightHandIndex2",
            "matrix_local": [
                [
                    -0.026219287887215614,
                    -0.9704897999763489,
                    0.239712193608284,
                    -0.9070999622344971
                ],
                [
                    -0.9995827078819275,
                    0.02835826575756073,
                    0.005478028208017349,
                    -0.03209998458623886
                ],
                [
                    -0.01211407221853733,
                    -0.23946861922740936,
                    -0.9708285927772522,
                    1.4789997339248657
                ],
                [
                    0.0,
                    0.0,
                    0.0,
                    1.0
                ]
            ]
        },
        "mixamorig:RightHandIndex4": {
            "parent": "mixamorig:RightHandIndex3",
            "matrix_local": [
                [
                    -0.02621978335082531,
                    -0.9704896807670593,
                    0.239712655544281,
                    -0.9379001259803772
                ],
                [
                    -0.9995827078819275,
                    0.028358671814203262,
                    0.005477577913552523,
                    -0.031199986115098
                ],
                [
                    -0.01211374532431364,
                    -0.23946909606456757,
                    -0.9708284735679626,
                    1.4713997840881348
                ],
                [
                    0.0,
                    0.0,
                    0.0,
                    1.0
                ]
            ]
        },
        "mixamorig:RightHandIndex4_end": {
            "parent": "mixamorig:RightHandIndex4",
            "matrix_local": [
                [
                    -0.02621978335082531,
                    -0.9704896807670593,
                    0.239712655544281,
                    -0.9687002301216125
                ],
                [
                    -0.9995827078819275,
                    0.028358671814203262,
                    0.005477578844875097,
                    -0.030299976468086243
                ],
                [
                    -0.012113746255636215,
                    -0.23946909606456757,
                    -0.9708284735679626,
                    1.4637998342514038
                ],
                [
                    0.0,
                    0.0,
                    0.0,
                    1.0
                ]
            ]
        },
        "mixamorig:RightHandMiddle1": {
            "parent": "mixamorig:RightHand",
            "matrix_local": [
                [
                    -0.023233836516737938,
                    -0.9951277375221252,
                    -0.09581932425498962,
                    -0.8356999158859253
                ],
                [
                    -0.9996802806854248,
                    0.022168856114149094,
                    0.012163514271378517,
                    -0.01499999314546585
                ],
                [
                    -0.009979918599128723,
                    0.09607120603322983,
                    -0.995324432849884,
                    1.4760997295379639
                ],
                [
                    0.0,
                    0.0,
                    0.0,
                    1.0
                ]
            ]
        },
        "mixamorig:RightHandMiddle2": {
            "parent": "mixamorig:RightHandMiddle1",
            "matrix_local": [
                [
                    -0.02381782792508602,
                    -0.9985321760177612,
                    0.04864832013845444,
                    -0.8761000037193298
                ],
                [
                    -0.9996765851974487,
                    0.02422310970723629,
                    0.007759717293083668,
                    -0.014099984429776669
                ],
                [
                    -0.008926616050302982,
                    -0.048447802662849426,
                    -0.9987857937812805,
                    1.4800000190734863
                ],
                [
                    0.0,
                    0.0,
                    0.0,
                    1.0
                ]
            ]
        },
        "mixamorig:RightHandMiddle3": {
            "parent": "mixamorig:RightHandMiddle2",
            "matrix_local": [
                [
                    -0.02509448677301407,
                    -0.9948136210441589,
                    0.0985727310180664,
                    -0.9132000803947449
                ],
                [
                    -0.9996277689933777,
                    0.026027092710137367,
                    0.008187123574316502,
                    -0.013199984095990658
                ],
                [
                    -0.010710097849369049,
                    -0.09833060950040817,
                    -0.9950961470603943,
                    1.4781999588012695
                ],
                [
                    0.0,
                    0.0,
                    0.0,
                    1.0
                ]
            ]
        },
        "mixamorig:RightHandMiddle4": {
            "parent": "mixamorig:RightHandMiddle3",
            "matrix_local": [
                [
                    -0.025093810632824898,
                    -0.9948143362998962,
                    0.09856574982404709,
                    -0.9476000666618347
                ],
                [
                    -0.9996277093887329,
                    0.026027048006653786,
                    0.008194311521947384,
                    -0.012299984693527222
                ],
                [
                    -0.010717068798840046,
                    -0.09832344949245453,
                    -0.9950968027114868,
                    1.4747997522354126
                ],
                [
                    0.0,
                    0.0,
                    0.0,
                    1.0
                ]
            ]
        },
        "mixamorig:RightHandMiddle4_end": {
            "parent": "mixamorig:RightHandMiddle4",
            "matrix_local": [
                [
                    -0.025093810632824898,
                    -0.9948143362998962,
                    0.09856574237346649,
                    -0.9820001721382141
                ],
                [
                    -0.9996277093887329,
                    0.026027048006653786,
                    0.008194312453269958,
                    -0.011399984359741211
                ],
                [
                    -0.01071706973016262,
                    -0.09832344204187393,
                    -0.9950968027114868,
                    1.4713997840881348
                ],
                [
                    0.0,
                    0.0,
                    0.0,
                    1.0
                ]
            ]
        },
        "mixamorig:RightHandRing1": {
            "parent": "mixamorig:RightHand",
            "matrix_local": [
                [
                    0.02793598733842373,
                    -0.9981389045715332,
                    -0.05421034246683121,
                    -0.832800030708313
                ],
                [
                    -0.9995821118354797,
                    -0.028297170996665955,
                    0.005904906429350376,
                    0.007899997755885124
                ],
                [
                    -0.007427789270877838,
                    0.0540226548910141,
                    -0.9985120892524719,
                    1.4782997369766235
                ],
                [
                    0.0,
                    0.0,
                    0.0,
                    1.0
                ]
            ]
        },
        "mixamorig:RightHandRing2": {
            "parent": "mixamorig:RightHandRing1",
            "matrix_local": [
                [
                    0.027766235172748566,
                    -0.9986595511436462,
                    0.0436893105506897,
                    -0.8716000914573669
                ],
                [
                    -0.9995903372764587,
                    -0.027435632422566414,
                    0.008150639943778515,
                    0.0068000187166035175
                ],
                [
                    -0.006940943654626608,
                    -0.04389777034521103,
                    -0.9990119338035583,
                    1.48039972782135
                ],
                [
                    0.0,
                    0.0,
                    0.0,
                    1.0
                ]
            ]
        },
        "mixamorig:RightHandRing3": {
            "parent": "mixamorig:RightHandRing2",
            "matrix_local": [
                [
                    0.027452625334262848,
                    -0.9974930882453918,
                    0.06522562354803085,
                    -0.9080001711845398
                ],
                [
                    -0.9995815753936768,
                    -0.026798557490110397,
                    0.01088303979486227,
                    0.005800019018352032
                ],
                [
                    -0.009107677266001701,
                    -0.06549713760614395,
                    -0.9978111982345581,
                    1.4787997007369995
                ],
                [
                    0.0,
                    0.0,
                    0.0,
                    1.0
                ]
            ]
        },
        "mixamorig:RightHandRing4": {
            "parent": "mixamorig:RightHandRing3",
            "matrix_local": [
                [
                    0.02745222859084606,
                    -0.9974929094314575,
                    0.06522878259420395,
                    -0.9414998888969421
                ],
                [
                    -0.9995816349983215,
                    -0.026798348873853683,
                    0.010879723355174065,
                    0.004900018684566021
                ],
                [
                    -0.009104295633733273,
                    -0.06550019979476929,
                    -0.9978110194206238,
                    1.4766000509262085
                ],
                [
                    0.0,
                    0.0,
                    0.0,
                    1.0
                ]
            ]
        },
        "mixamorig:RightHandRing4_end": {
            "parent": "mixamorig:RightHandRing4",
            "matrix_local": [
                [
                    0.027452269569039345,
                    -0.9974929094314575,
                    0.0652289018034935,
                    -0.9749998450279236
                ],
                [
                    -0.9995816349983215,
                    -0.026798395439982414,
                    0.010879619978368282,
                    0.0040000188164412975
                ],
                [
                    -0.009104186668992043,
                    -0.06550031900405884,
                    -0.9978110194206238,
                    1.474400281906128
                ],
                [
                    0.0,
                    0.0,
                    0.0,
                    1.0
                ]
            ]
        },
        "mixamorig:RightHandPinky1": {
            "parent": "mixamorig:RightHand",
            "matrix_local": [
                [
                    -0.0379008911550045,
                    -0.9989498257637024,
                    0.02575162798166275,
                    -0.8265999555587769
                ],
                [
                    -0.9992375373840332,
                    0.038128264248371124,
                    0.008399168960750103,
                    0.025899995118379593
                ],
                [
                    -0.009372089989483356,
                    -0.025413721799850464,
                    -0.9996331334114075,
                    1.48039972782135
                ],
                [
                    0.0,
                    0.0,
                    0.0,
                    1.0
                ]
            ]
        },
        "mixamorig:RightHandPinky2": {
            "parent": "mixamorig:RightHandPinky1",
            "matrix_local": [
                [
                    -0.04087240993976593,
                    -0.9991155862808228,
                    0.009887926280498505,
                    -0.865899920463562
                ],
                [
                    -0.9991077184677124,
                    0.04097336530685425,
                    0.010239852592349052,
                    0.027400009334087372
                ],
                [
                    -0.01063581369817257,
                    -0.00946064107120037,
                    -0.9998987317085266,
                    1.4793999195098877
                ],
                [
                    0.0,
                    0.0,
                    0.0,
                    1.0
                ]
            ]
        },
        "mixamorig:RightHandPinky3": {
            "parent": "mixamorig:RightHandPinky2",
            "matrix_local": [
                [
                    -0.03954346105456352,
                    -0.9908162951469421,
                    0.12930405139923096,
                    -0.8976000547409058
                ],
                [
                    -0.999149739742279,
                    0.040718451142311096,
                    0.006455559283494949,
                    0.028700020164251328
                ],
                [
                    -0.011661210097372532,
                    -0.12893888354301453,
                    -0.991584062576294,
                    1.4790997505187988
                ],
                [
                    0.0,
                    0.0,
                    0.0,
                    1.0
                ]
            ]
        },
        "mixamorig:RightHandPinky4": {
            "parent": "mixamorig:RightHandPinky3",
            "matrix_local": [
                [
                    -0.0395444817841053,
                    -0.9908156991004944,
                    0.12930837273597717,
                    -0.9268000721931458
                ],
                [
                    -0.999149739742279,
                    0.04071890935301781,
                    0.006450781133025885,
                    0.029900019988417625
                ],
                [
                    -0.011656707152724266,
                    -0.12894338369369507,
                    -0.991583526134491,
                    1.4752998352050781
                ],
                [
                    0.0,
                    0.0,
                    0.0,
                    1.0
                ]
            ]
        },
        "mixamorig:RightHandPinky4_end": {
            "parent": "mixamorig:RightHandPinky4",
            "matrix_local": [
                [
                    -0.039544478058815,
                    -0.9908156991004944,
                    0.12930840253829956,
                    -0.9559999704360962
                ],
                [
                    -0.999149739742279,
                    0.04071890562772751,
                    0.006450781133025885,
                    0.03110002912580967
                ],
                [
                    -0.01165670808404684,
                    -0.12894341349601746,
                    -0.991583526134491,
                    1.4714998006820679
                ],
                [
                    0.0,
                    0.0,
                    0.0,
                    1.0
                ]
            ]
        },
        "mixamorig:Neck": {
            "parent": "mixamorig:Spine2",
            "matrix_local": [
                [
                    1.0,
                    7.424616477180734e-16,
                    8.881784197001252e-16,
                    -0.0010999999940395355
                ],
                [
                    -1.865174681370263e-14,
                    0.05449807643890381,
                    -0.9985137581825256,
                    -0.000799995381385088
                ],
                [
                    3.552713678800501e-15,
                    0.9985138177871704,
                    0.054498232901096344,
                    1.5522998571395874
                ],
                [
                    0.0,
                    0.0,
                    0.0,
                    1.0
                ]
            ]
        },
        "mixamorig:Head": {
            "parent": "mixamorig:Neck",
            "matrix_local": [
                [
                    1.0,
                    -9.092524389547734e-24,
                    -3.1763735522036263e-22,
                    -0.0010999999940395355
                ],
                [
                    -1.9498142792180595e-14,
                    0.0546058714389801,
                    -0.9985078573226929,
                    0.005100024398416281
                ],
                [
                    4.342476187392096e-15,
                    0.9985079169273376,
                    0.05460602790117264,
                    1.6604000329971313
                ],
                [
                    0.0,
                    0.0,
                    0.0,
                    1.0
                ]
            ]
        },
        "mixamorig:HeadTop_End": {
            "parent": "mixamorig:Head",
            "matrix_local": [
                [
                    1.0,
                    6.113744237835756e-31,
                    5.048709793414476e-29,
                    -0.0010999999940395355
                ],
                [
                    -1.9498142792180595e-14,
                    0.054606031626462936,
                    -0.9985078573226929,
                    0.01490001566708088
                ],
                [
                    4.342476187392096e-15,
                    0.9985079169273376,
                    0.05460618808865547,
                    1.8395999670028687
                ],
                [
                    0.0,
                    0.0,
                    0.0,
                    1.0
                ]
            ]
        },
        "mixamorig:HeadTop_End_end": {
            "parent": "mixamorig:HeadTop_End",
            "matrix_local": [
                [
                    1.0,
                    6.693857029039361e-38,
                    0.0,
                    -0.0010999999940395355
                ],
                [
                    -1.9498142792180595e-14,
                    0.05460606887936592,
                    -0.9985078573226929,
                    0.024700015783309937
                ],
                [
                    4.342476187392096e-15,
                    0.9985078573226929,
                    0.054606229066848755,
                    2.0187995433807373
                ],
                [
                    0.0,
                    0.0,
                    0.0,
                    1.0
                ]
            ]
        },
        "mixamorig:LeftShoulder": {
            "parent": "mixamorig:Spine2",
            "matrix_local": [
                [
                    0.005260482430458069,
                    0.9622927308082581,
                    -0.27196481823921204,
                    0.06769999861717224
                ],
                [
                    0.9991620182991028,
                    -0.01609646901488304,
                    -0.03762783110141754,
                    -0.0018999953754246235
                ],
                [
                    -0.04058680683374405,
                    -0.2715390622615814,
                    -0.961571216583252,
                    1.5328997373580933
                ],
                [
                    0.0,
                    0.0,
                    0.0,
                    1.0
                ]
            ]
        },
        "mixamorig:LeftArm": {
            "parent": "mixamorig:LeftShoulder",
            "matrix_local": [
                [
                    -0.06274010986089706,
                    0.9976356625556946,
                    -0.028048798441886902,
                    0.2051999717950821
                ],
                [
                    0.9978016018867493,
                    0.0621001273393631,
                    -0.023134537041187286,
                    -0.004199985880404711
                ],
                [
                    -0.021338142454624176,
                    -0.029438629746437073,
                    -0.9993388056755066,
                    1.4941000938415527
                ],
                [
                    0.0,
                    0.0,
                    0.0,
                    1.0
                ]
            ]
        },
        "mixamorig:LeftForeArm": {
            "parent": "mixamorig:LeftArm",
            "matrix_local": [
                [
                    0.04860362410545349,
                    0.9987417459487915,
                    -0.012358225882053375,
                    0.45259997248649597
                ],
                [
                    0.9985159635543823,
                    -0.048889417201280594,
                    -0.023986123502254486,
                    0.011199995875358582
                ],
                [
                    -0.024560267105698586,
                    -0.011174088343977928,
                    -0.9996358752250671,
                    1.486799716949463
                ],
                [
                    0.0,
                    0.0,
                    0.0,
                    1.0
                ]
            ]
        },
        "mixamorig:LeftHand": {
            "parent": "mixamorig:LeftForeArm",
            "matrix_local": [
                [
                    0.06888996809720993,
                    0.9964653849601746,
                    0.04807376489043236,
                    0.7386000156402588
                ],
                [
                    0.9976187944412231,
                    -0.06865093857049942,
                    -0.0066067930310964584,
                    -0.0027999933809041977
                ],
                [
                    -0.0032832734286785126,
                    0.04841442033648491,
                    -0.9988219141960144,
                    1.4835999011993408
                ],
                [
                    0.0,
                    0.0,
                    0.0,
                    1.0
                ]
            ]
        },
        "mixamorig:LeftHandThumb1": {
            "parent": "mixamorig:LeftHand",
            "matrix_local": [
                [
                    0.6909787058830261,
                    0.7185057997703552,
                    -0.07936146855354309,
                    0.766700029373169
                ],
                [
                    0.7210652232170105,
                    -0.6928462982177734,
                    0.005376278888434172,
                    -0.029799994081258774
                ],
                [
                    -0.05112253129482269,
                    -0.06093960255384445,
                    -0.9968314170837402,
                    1.481299877166748
                ],
                [
                    0.0,
                    0.0,
                    0.0,
                    1.0
                ]
            ]
        },
        "mixamorig:LeftHandThumb2": {
            "parent": "mixamorig:LeftHandThumb1",
            "matrix_local": [
                [
                    0.24308261275291443,
                    0.9700040221214294,
                    0.0018577352166175842,
                    0.7890999913215637
                ],
                [
                    0.9698582887649536,
                    -0.24307866394519806,
                    0.016960052773356438,
                    -0.05140000209212303
                ],
                [
                    0.016902746632695198,
                    -0.0023209452629089355,
                    -0.9998545050621033,
                    1.4794000387191772
                ],
                [
                    0.0,
                    0.0,
                    0.0,
                    1.0
                ]
            ]
        },
        "mixamorig:LeftHandThumb3": {
            "parent": "mixamorig:LeftHandThumb2",
            "matrix_local": [
                [
                    -0.11913860589265823,
                    0.9880505204200745,
                    -0.09778792411088943,
                    0.8310001492500305
                ],
                [
                    0.9906011819839478,
                    0.12495303153991699,
                    0.055642690509557724,
                    -0.06189999729394913
                ],
                [
                    0.06719654053449631,
                    -0.09023966640233994,
                    -0.9936505556106567,
                    1.479299783706665
                ],
                [
                    0.0,
                    0.0,
                    0.0,
                    1.0
                ]
            ]
        },
        "mixamorig:LeftHandThumb4": {
            "parent": "mixamorig:LeftHandThumb3",
            "matrix_local": [
                [
                    -0.1191384419798851,
                    0.9880500435829163,
                    -0.09779231250286102,
                    0.8736999034881592
                ],
                [
                    0.9906014800071716,
                    0.12495270371437073,
                    0.05563768371939659,
                    -0.05650000646710396
                ],
                [
                    0.06719209253787994,
                    -0.09024464339017868,
                    -0.9936503767967224,
                    1.4753999710083008
                ],
                [
                    0.0,
                    0.0,
                    0.0,
                    1.0
                ]
            ]
        },
        "mixamorig:LeftHandThumb4_end": {
            "parent": "mixamorig:LeftHandThumb4",
            "matrix_local": [
                [
                    -0.1191384419798851,
                    0.9880499839782715,
                    -0.09779231250286102,
                    0.9163998961448669
                ],
                [
                    0.9906014800071716,
                    0.12495269626379013,
                    0.05563769116997719,
                    -0.0510999970138073
                ],
