{
    "bones": {
        "pelvis": {
            "parent": null,
            "matrix": [
                [
                    0.9996412992477417,
                    -0.02435864321887493,
                    -0.011130617000162601,
                    0.11759300529956818
                ],
                [
                    0.024358641356229782,
                    0.6542354822158813,
                    0.7558985948562622,
                    -1.545704960823059
                ],
                [
                    -0.011130619794130325,
                    -0.7558985948562622,
                    0.6545940637588501,
                    97.6455307006836
                ],
                [
                    0.0,
                    0.0,
                    0.0,
                    1.0
                ]
            ]
        },
        "spine1": {
            "parent": "pelvis",
            "matrix": [
                [
                    0.9944493174552917,
                    0.07322608679533005,
                    -0.07555458694696426,
                    -0.047449991106987
                ],
                [
                    -0.073226198554039,
                    -0.03398117423057556,
                    -0.9967368841171265,
                    2.18394136428833
                ],
                [
                    -0.07555456459522247,
                    0.9967364072799683,
                    -0.0284307599067688,
                    109.689453125
                ],
                [
                    0.0,
                    0.0,
                    0.0,
                    1.0
                ]
            ]
        },
        "spine2": {
            "parent": "spine1",
            "matrix": [
                [
                    0.9592520594596863,
                    -0.17112892866134644,
                    0.22483396530151367,
                    1.1986939907073975
                ],
                [
                    0.17112895846366882,
                    -0.2813103199005127,
                    -0.9442354440689087,
                    1.605657935142517
                ],
                [
                    0.22483408451080322,
                    0.9442349076271057,
                    -0.2405625730752945,
                    126.65167236328125
                ],
                [
                    0.0,
                    0.0,
                    0.0,
                    1.0
                ]
            ]
        },
        "spine3": {
            "parent": "spine2",
            "matrix": [
                [
                    0.998802900314331,
                    -0.03672191500663757,
                    0.03231152892112732,
                    0.08192014694213867
                ],
                [
                    0.036721959710121155,
                    0.12658460438251495,
                    -0.9912765026092529,
                    -0.23015093803405762
                ],
                [
                    0.03231145441532135,
                    0.9912758469581604,
                    0.12778118252754211,
                    132.8136749267578
                ],
                [
                    0.0,
                    0.0,
                    0.0,
                    1.0
                ]
            ]
        },
        "left_collar": {
            "parent": "spine3",
            "matrix": [
                [
                    0.31035688519477844,
                    0.8773934245109558,
                    -0.3658679723739624,
                    4.180088996887207
                ],
                [
                    -0.8773940801620483,
                    0.11625748872756958,
                    -0.46547287702560425,
                    0.3677511215209961
                ],
                [
                    -0.3658679723739624,
                    0.4654729664325714,
                    0.8059003949165344,
                    140.687255859375
                ],
                [
                    0.0,
                    0.0,
                    0.0,
                    1.0
                ]
            ]
        },
        "left_shoulder": {
            "parent": "left_collar",
            "matrix": [
                [
                    0.20887504518032074,
                    0.9492479562759399,
                    0.23515869677066803,
                    17.795330047607422
                ],
                [
                    -0.9492485523223877,
                    0.13897502422332764,
                    0.2821602523326874,
                    2.1718149185180664
                ],
                [
                    0.23515847325325012,
                    -0.2821598947048187,
                    0.9301000833511353,
                    147.91038513183594
                ],
                [
                    0.0,
                    0.0,
                    0.0,
                    1.0
                ]
            ]
        },
        "left_elbow": {
            "parent": "left_shoulder",
            "matrix": [
                [
                    0.017031230032444,
                    0.9956028461456299,
                    -0.09211534261703491,
                    42.96147918701172
                ],
                [
                    -0.9956033229827881,
                    0.008398830890655518,
                    -0.09329965710639954,
                    5.8562750816345215
                ],
                [
                    -0.09211587905883789,
                    0.09329937398433685,
                    0.9913676977157593,
                    140.4298553466797
                ],
                [
                    0.0,
                    0.0,
                    0.0,
                    1.0
                ]
            ]
        },
        "left_wrist": {
            "parent": "left_elbow",
            "matrix": [
                [
                    0.08324936032295227,
                    0.9887380599975586,
                    0.12436571717262268,
                    69.98983764648438
                ],
                [
                    -0.9887386560440063,
                    0.06637793034315109,
                    0.13413149118423462,
                    6.08428430557251
                ],
                [
                    0.12436549365520477,
                    -0.13413134217262268,
                    0.9831287264823914,
                    142.9627227783203
                ],
                [
                    0.0,
                    0.0,
                    0.0,
                    1.0
                ]
            ]
        },
        "left_index1": {
            "parent": "left_wrist",
            "matrix": [
                [
                    -0.09684228897094727,
                    0.9941933751106262,
                    -0.046917982399463654,
                    80.43623352050781
                ],
                [
                    -0.9941939115524292,
                    -0.09884941577911377,
                    -0.04252728819847107,
                    4.060016632080078
                ],
                [
                    -0.04691833257675171,
                    0.04252716153860092,
                    0.9979930520057678,
                    142.03875732421875
                ],
                [
                    0.0,
                    0.0,
                    0.0,
                    1.0
                ]
            ]
        },
        "left_index2": {
            "parent": "left_index1",
            "matrix": [
                [
                    0.03516179323196411,
                    0.993045449256897,
                    0.11235933005809784,
                    83.70376586914062
                ],
                [
                    -0.9930459856987,
                    0.022076979279518127,
                    0.11564415693283081,
                    3.7351365089416504
                ],
                [
                    0.11235906183719635,
                    -0.11564408242702484,
                    0.9869153499603271,
                    142.17852783203125
                ],
                [
                    0.0,
                    0.0,
                    0.0,
                    1.0
                ]
            ]
        },
        "left_index3": {
            "parent": "left_index2",
            "matrix": [
                [
                    0.03516177088022232,
                    0.993045449256897,
                    0.11235932260751724,
                    86.00279235839844
                ],
                [
                    -0.9930459856987,
                    0.02207697182893753,
                    0.11564405262470245,
                    3.786247491836548
                ],
                [
                    0.112358957529068,
                    -0.11564406752586365,
                    0.9869153499603271,
                    141.91079711914062
                ],
                [
                    0.0,
                    0.0,
                    0.0,
                    1.0
                ]
            ]
        },
        "left_middle1": {
            "parent": "left_wrist",
            "matrix": [
                [
                    0.13911184668540955,
                    0.9902008175849915,
                    -0.012270189821720123,
                    81.22673797607422
                ],
                [
                    -0.9902013540267944,
                    0.13893695175647736,
                    -0.01411353051662445,
                    6.484372138977051
                ],
                [
                    -0.012270621955394745,
                    0.014113441109657288,
                    0.9998251795768738,
                    142.30648803710938
                ],
                [
                    0.0,
                    0.0,
                    0.0,
                    1.0
                ]
            ]
        },
        "left_middle2": {
            "parent": "left_middle1",
            "matrix": [
                [
                    0.19104933738708496,
                    0.9782481789588928,
                    0.08081343024969101,
                    84.347412109375
                ],
                [
                    -0.9782488346099854,
                    0.18297618627548218,
                    0.097726009786129,
                    6.922239780426025
                ],
                [
                    0.08081311732530594,
                    -0.09772591292858124,
                    0.9919268488883972,
                    142.35096740722656
                ],
                [
                    0.0,
                    0.0,
                    0.0,
                    1.0
                ]
            ]
        },
        "left_middle3": {
            "parent": "left_middle2",
            "matrix": [
                [
                    0.19104932248592377,
                    0.9782481789588928,
                    0.0808134526014328,
                    86.73233032226562
                ],
                [
                    -0.9782488346099854,
                    0.18297617137432098,
                    0.09772595018148422,
                    7.368326187133789
                ],
                [
                    0.08081305772066116,
                    -0.09772592782974243,
                    0.9919268488883972,
                    142.1127166748047
                ],
                [
                    0.0,
                    0.0,
                    0.0,
                    1.0
                ]
            ]
        },
        "left_pinky1": {
            "parent": "left_wrist",
            "matrix": [
                [
                    0.5727923512458801,
                    0.8187114596366882,
                    0.040259912610054016,
                    78.69696044921875
                ],
                [
                    -0.8187119960784912,
                    0.5689985156059265,
                    0.07715478539466858,
                    10.565460205078125
                ],
                [
                    0.04025955870747566,
                    -0.07715470343828201,
                    0.9962060451507568,
                    141.43968200683594
                ],
                [
                    0.0,
                    0.0,
                    0.0,
                    1.0
                ]
            ]
        },
        "left_pinky2": {
            "parent": "left_pinky1",
            "matrix": [
                [
                    0.5571476221084595,
                    0.8288779854774475,
                    0.050481345504522324,
                    80.37505340576172
                ],
                [
                    -0.8288784027099609,
                    0.551393449306488,
                    0.09448468685150146,
                    11.731722831726074
                ],
                [
                    0.050481054931879044,
                    -0.09448456764221191,
                    0.994245707988739,
                    141.2815399169922
                ],
                [
                    0.0,
                    0.0,
                    0.0,
                    1.0
                ]
            ]
        },
        "left_pinky3": {
            "parent": "left_pinky2",
            "matrix": [
                [
                    0.5571476221084595,
                    0.8288779854774475,
                    0.05048135295510292,
                    82.0196533203125
                ],
                [
                    -0.8288784027099609,
                    0.551393449306488,
                    0.09448467940092087,
                    12.82575798034668
                ],
                [
                    0.05048104748129845,
                    -0.09448456764221191,
                    0.994245707988739,
                    141.0940704345703
                ],
                [
                    0.0,
                    0.0,
                    0.0,
                    1.0
                ]
            ]
        },
        "left_ring1": {
            "parent": "left_wrist",
            "matrix": [
                [
                    0.17253360152244568,
                    0.9848253726959229,
                    -0.01874411106109619,
                    80.02886962890625
                ],
                [
                    -0.9848259687423706,
                    0.172108992934227,
                    -0.022308841347694397,
                    8.890783309936523
                ],
                [
                    -0.018744423985481262,
                    0.02230881154537201,
                    0.9995754957199097,
                    142.007080078125
                ],
                [
                    0.0,
                    0.0,
                    0.0,
                    1.0
                ]
            ]
        },
        "left_ring2": {
            "parent": "left_ring1",
            "matrix": [
                [
                    0.2817213237285614,
                    0.95704585313797,
                    0.06853175163269043,
                    82.91862487792969
                ],
                [
                    -0.9570464491844177,
                    0.27518272399902344,
                    0.0913127213716507,
                    9.39579963684082
                ],
                [
                    0.06853151321411133,
                    -0.09131261706352234,
                    0.9934613704681396,
                    142.07254028320312
                ],
                [
                    0.0,
                    0.0,
                    0.0,
                    1.0
                ]
            ]
        },
        "left_ring3": {
            "parent": "left_ring2",
            "matrix": [
                [
                    0.2817213237285614,
                    0.95704585313797,
                    0.06853177398443222,
                    85.26043701171875
                ],
                [
                    -0.9570464491844177,
                    0.27518272399902344,
                    0.09131266921758652,
                    10.069149017333984
                ],
                [
                    0.06853145360946655,
                    -0.09131262451410294,
                    0.9934613704681396,
                    141.84910583496094
                ],
                [
                    0.0,
                    0.0,
                    0.0,
                    1.0
                ]
            ]
        },
        "left_thumb1": {
            "parent": "left_wrist",
            "matrix": [
                [
                    -0.8204787373542786,
                    0.5469554662704468,
                    -0.16629722714424133,
                    74.15769958496094
                ],
                [
                    -0.5469556450843811,
                    -0.8356701731681824,
                    -0.049963220953941345,
                    3.4147861003875732
                ],
                [
                    -0.1662973165512085,
                    0.049963291734457016,
                    0.984809160232544,
                    140.97152709960938
                ],
                [
                    0.0,
                    0.0,
                    0.0,
                    1.0
                ]
            ]
        },
        "left_thumb2": {
            "parent": "left_thumb1",
            "matrix": [
                [
                    -0.5399494171142578,
                    0.7771004438400269,
                    0.3233729600906372,
                    75.88506317138672
                ],
                [
                    -0.7771006226539612,
                    -0.6078546643257141,
                    0.16318294405937195,
                    0.7756204605102539
                ],
                [
                    0.32337281107902527,
                    -0.16318267583847046,
                    0.9320952892303467,
                    141.1293182373047
                ],
                [
                    0.0,
                    0.0,
                    0.0,
                    1.0
                ]
            ]
        },
        "left_thumb3": {
            "parent": "left_thumb2",
            "matrix": [
                [
                    -0.5399495959281921,
                    0.7771003842353821,
                    0.32337287068367004,
                    77.99931335449219
                ],
                [
                    -0.7771006226539612,
                    -0.6078547835350037,
                    0.16318270564079285,
                    -0.878164529800415
                ],
                [
                    0.32337260246276855,
                    -0.16318267583847046,
                    0.9320953488349915,
                    140.6853485107422
                ],
                [
                    0.0,
                    0.0,
                    0.0,
                    1.0
                ]
            ]
        },
        "right_collar": {
            "parent": "spine3",
            "matrix": [
                [
                    0.30295121669769287,
                    -0.8741323351860046,
                    0.37962180376052856,
                    -4.337233543395996
                ],
                [
                    0.8741332292556763,
                    0.09620440006256104,
                    -0.4760640561580658,
                    0.7232229709625244
                ],
                [
                    0.37962180376052856,
                    0.47606390714645386,
                    0.7932528257369995,
                    140.77569580078125
                ],
                [
                    0.0,
                    0.0,
                    0.0,
                    1.0
                ]
            ]
        },
        "right_shoulder": {
            "parent": "right_collar",
            "matrix": [
                [
                    0.1203065812587738,
                    -0.981836199760437,
                    -0.14670895040035248,
                    -16.93994140625
                ],
                [
                    0.9818369150161743,
                    0.0958394706249237,
                    0.1637442409992218,
                    2.1102395057678223
                ],
                [
                    -0.14670917391777039,
                    -0.16374382376670837,
                    0.9755327701568604,
                    147.63929748535156
                ],
                [
                    0.0,
                    0.0,
                    0.0,
                    1.0
                ]
            ]
        },
        "right_elbow": {
            "parent": "right_shoulder",
            "matrix": [
                [
                    0.047446802258491516,
                    -0.9988537430763245,
                    0.0062822699546813965,
                    -43.88311767578125
                ],
                [
                    0.9988545775413513,
                    0.047405362129211426,
                    -0.006587609648704529,
                    4.740229606628418
                ],
                [
                    0.006282508373260498,
                    0.006587520241737366,
                    0.9999584555625916,
                    143.14590454101562
                ],
                [
                    0.0,
                    0.0,
                    0.0,
                    1.0
                ]
            ]
        },
        "right_wrist": {
            "parent": "right_elbow",
            "matrix": [
                [
                    0.10545879602432251,
                    -0.9818229079246521,
                    -0.15780265629291534,
                    -70.03443908691406
                ],
                [
                    0.9818236827850342,
                    0.07762142270803452,
                    0.17319998145103455,
                    5.981365203857422
                ],
                [
                    -0.1578025072813034,
                    -0.17319989204406738,
                    0.9721624851226807,
                    143.31837463378906
                ],
                [
                    0.0,
                    0.0,
                    0.0,
                    1.0
                ]
            ]
        },
        "right_index1": {
            "parent": "right_wrist",
            "matrix": [
                [
                    -0.09685520827770233,
                    -0.9941918849945068,
                    0.046914368867874146,
                    -80.43623352050781
                ],
                [
                    0.9941927194595337,
                    -0.09886191785335541,
                    -0.042523279786109924,
                    4.059759140014648
                ],
                [
                    0.04691460728645325,
                    0.04252311587333679,
                    0.9979932308197021,
                    142.03892517089844
                ],
                [
                    0.0,
                    0.0,
                    0.0,
                    1.0
                ]
            ]
        },
        "right_index2": {
            "parent": "right_index1",
            "matrix": [
                [
                    0.03519369661808014,
                    -0.993043839931488,
                    -0.1123594418168068,
                    -83.7037124633789
                ],
                [
                    0.9930446743965149,
                    0.022108515724539757,
                    0.11564826220273972,
                    3.7348427772521973
                ],
                [
                    -0.11235935986042023,
                    -0.11564815044403076,
                    0.9869146943092346,
                    142.17868041992188
                ],
                [
                    0.0,
                    0.0,
                    0.0,
                    1.0
                ]
            ]
        },
        "right_index3": {
            "parent": "right_index2",
            "matrix": [
                [
                    0.03519369289278984,
                    -0.993043839931488,
                    -0.11235945671796799,
                    -86.0027847290039
                ],
                [
                    0.9930446743965149,
                    0.022108517587184906,
                    0.11564818769693375,
                    3.7860279083251953
                ],
                [
                    -0.11235928535461426,
                    -0.11564816534519196,
                    0.9869146943092346,
                    141.9109344482422
                ],
                [
                    0.0,
                    0.0,
                    0.0,
                    1.0
                ]
            ]
        },
        "right_middle1": {
            "parent": "right_wrist",
            "matrix": [
                [
                    0.13914038240909576,
                    -0.9901970624923706,
                    0.012219548225402832,
                    -81.22682189941406
                ],
                [
                    0.9901977181434631,
                    0.13896700739860535,
                    -0.01405547559261322,
                    6.484349250793457
                ],
                [
                    0.012219816446304321,
                    0.014055326581001282,
                    0.9998263120651245,
                    142.30665588378906
                ],
                [
                    0.0,
                    0.0,
                    0.0,
                    1.0
                ]
            ]
        },
        "right_middle2": {
            "parent": "right_middle1",
            "matrix": [
                [
                    0.19108794629573822,
                    -0.9782396554946899,
                    -0.0808212086558342,
                    -84.34748840332031
                ],
                [
                    0.9782403707504272,
                    0.18301288783550262,
                    0.09773951023817062,
                    6.922312259674072
                ],
                [
                    -0.08082105219364166,
                    -0.09773945808410645,
                    0.9919247031211853,
                    142.3509521484375
                ],
                [
                    0.0,
                    0.0,
                    0.0,
                    1.0
                ]
            ]
        },
        "right_middle3": {
            "parent": "right_middle2",
            "matrix": [
                [
                    0.1910879760980606,
                    -0.9782396554946899,
                    -0.08082122355699539,
                    -86.73236083984375
                ],
                [
                    0.9782403707504272,
                    0.183012917637825,
                    0.09773945808410645,
                    7.368483543395996
                ],
                [
                    -0.08082100003957748,
                    -0.09773946553468704,
                    0.9919247031211853,
                    142.1126708984375
                ],
                [
                    0.0,
                    0.0,
                    0.0,
                    1.0
                ]
            ]
        },
        "right_pinky1": {
            "parent": "right_wrist",
            "matrix": [
                [
                    0.5727409720420837,
                    -0.8187464475631714,
                    -0.040268465876579285,
                    -78.69723510742188
                ],
                [
                    0.8187471628189087,
                    0.5689461827278137,
                    0.07716545462608337,
                    10.56548023223877
                ],
                [
                    -0.04026804864406586,
                    -0.07716545462608337,
                    0.996204674243927,
                    141.439697265625
                ],
                [
                    0.0,
                    0.0,
                    0.0,
                    1.0
                ]
            ]
        },
        "right_pinky2": {
            "parent": "right_pinky1",
            "matrix": [
                [
                    0.5571686029434204,
                    -0.8288624882698059,
                    -0.05049226060509682,
                    -80.37532806396484
                ],
                [
                    0.828863263130188,
                    0.5514119267463684,
                    0.09450811892747879,
                    11.731585502624512
                ],
                [
                    -0.05049189552664757,
                    -0.0945080816745758,
                    0.9942426681518555,
                    141.2815399169922
                ],
                [
                    0.0,
                    0.0,
                    0.0,
                    1.0
                ]
            ]
        },
        "right_pinky3": {
            "parent": "right_pinky2",
            "matrix": [
                [
                    0.5571685433387756,
                    -0.8288624882698059,
                    -0.050492264330387115,
                    -82.01988983154297
                ],
                [
                    0.828863263130188,
                    0.5514118671417236,
                    0.0945081114768982,
                    12.825652122497559
                ],
                [
                    -0.05049189180135727,
                    -0.0945080816745758,
                    0.9942426681518555,
                    141.09402465820312
                ],
                [
                    0.0,
                    0.0,
                    0.0,
                    1.0
                ]
            ]
        },
        "right_ring1": {
            "parent": "right_wrist",
            "matrix": [
                [
                    0.17250710725784302,
                    -0.9848299622535706,
                    0.01872771978378296,
                    -80.02903747558594
                ],
                [
                    0.9848307371139526,
                    0.17208337783813477,
                    -0.022288605570793152,
                    8.890843391418457
                ],
                [
                    0.01872803270816803,
                    0.022288471460342407,
                    0.9995760321617126,
                    142.0072479248047
                ],
                [
                    0.0,
                    0.0,
                    0.0,
                    1.0
                ]
            ]
        },
        "right_ring2": {
            "parent": "right_ring1",
            "matrix": [
                [
                    0.2817804217338562,
                    -0.9570271372795105,
                    -0.06854574382305145,
                    -82.91873931884766
                ],
                [
                    0.9570277333259583,
                    0.2752387225627899,
                    0.09133730828762054,
                    9.395772933959961
                ],
                [
                    -0.06854552775621414,
                    -0.09133727848529816,
                    0.9934579730033875,
                    142.07264709472656
                ],
                [
                    0.0,
                    0.0,
                    0.0,
                    1.0
                ]
            ]
        },
        "right_ring3": {
            "parent": "right_ring2",
            "matrix": [
                [
                    0.2817804217338562,
                    -0.9570271372795105,
                    -0.06854575872421265,
                    -85.26051330566406
                ],
                [
                    0.9570277333259583,
                    0.2752387225627899,
                    0.09133725613355637,
                    10.06926155090332
                ],
                [
                    -0.06854547560214996,
                    -0.09133727848529816,
                    0.9934579730033875,
                    141.84915161132812
                ],
                [
                    0.0,
                    0.0,
                    0.0,
                    1.0
                ]
            ]
        },
        "right_thumb1": {
            "parent": "right_wrist",
            "matrix": [
                [
                    -0.8204734325408936,
                    -0.5469340085983276,
                    0.16639111936092377,
                    -74.1575927734375
                ],
                [
                    0.5469343662261963,
                    -0.8356822729110718,
                    -0.04998958110809326,
                    3.4145920276641846
                ],
                [
                    0.1663910448551178,
                    0.049989573657512665,
                    0.9847916960716248,
                    140.9713134765625
                ],
                [
                    0.0,
                    0.0,
                    0.0,
                    1.0
                ]
            ]
        },
        "right_thumb2": {
            "parent": "right_thumb1",
            "matrix": [
                [
                    -0.5399762392044067,
                    -0.7771300673484802,
                    -0.32325541973114014,
                    -75.88481140136719
                ],
                [
                    0.7771304845809937,
                    -0.6078311800956726,
                    0.16312728822231293,
                    0.775505542755127
                ],
                [
                    -0.3232555389404297,
                    -0.16312703490257263,
                    0.9321454763412476,
                    141.12918090820312
                ],
                [
                    0.0,
                    0.0,
                    0.0,
                    1.0
                ]
            ]
        },
        "right_thumb3": {
            "parent": "right_thumb2",
            "matrix": [
                [
                    -0.5399762392044067,
                    -0.777130126953125,
                    -0.3232553005218506,
                    -77.99913787841797
                ],
                [
                    0.7771305441856384,
                    -0.6078311204910278,
                    0.16312722861766815,
                    -0.8782119750976562
                ],
                [
                    -0.32325541973114014,
                    -0.16312700510025024,
                    0.9321455359458923,
                    140.68536376953125
                ],
                [
                    0.0,
                    0.0,
                    0.0,
                    1.0
                ]
            ]
        },
        "neck": {
            "parent": "spine3",
            "matrix": [
                [
                    0.9742509722709656,
                    0.1484266221523285,
                    -0.16971832513809204,
                    -0.8217900395393372
                ],
                [
                    -0.1484268307685852,
                    -0.14441119134426117,
                    -0.9783231616020203,
                    2.4402337074279785
                ],
                [
                    -0.16971834003925323,
                    0.978322446346283,
                    -0.11866249144077301,
                    150.03758239746094
                ],
                [
                    0.0,
                    0.0,
                    0.0,
                    1.0
                ]
            ]
        },
        "head": {
            "parent": "neck",
            "matrix": [
                [
                    0.5899888873100281,
                    -0.32410430908203125,
                    0.7395060062408447,
                    1.4182190895080566
                ],
                [
                    0.32410478591918945,
                    -0.743803083896637,
                    -0.5845633745193481,
                    0.26082444190979004
                ],
                [
                    0.7395061254501343,
                    0.5845627188682556,
                    -0.3337917625904083,
                    164.8021240234375
                ],
                [
                    0.0,
                    0.0,
                    0.0,
                    1.0
                ]
            ]
        },
        "left_eye_smplhf": {
            "parent": "head",
            "matrix": [
                [
                    0.7704055309295654,
                    0.22579261660575867,
                    -0.5962321758270264,
                    3.1300301551818848
                ],
                [
                    -0.225792795419693,
                    -0.777946949005127,
                    -0.5863596200942993,
                    -5.637057781219482
                ],
                [
                    -0.5962322950363159,
                    0.5863590836524963,
                    -0.5483521819114685,
                    169.2475128173828
                ],
                [
                    0.0,
                    0.0,
                    0.0,
                    1.0
                ]
            ]
        },
        "right_eye_smplhf": {
            "parent": "head",
            "matrix": [
                [
                    0.14079153537750244,
                    -0.5243803262710571,
                    0.8397634029388428,
                    -3.130087375640869
                ],
                [
                    0.524381160736084,
                    -0.6799672842025757,
                    -0.5125134587287903,
                    -5.636992931365967
                ],
                [
                    0.8397634625434875,
                    0.5125130414962769,
                    0.1792413294315338,
                    169.24749755859375
                ],
                [
                    0.0,
                    0.0,
                    0.0,
                    1.0
                ]
            ]
        },
        "jaw": {
            "parent": "head",
            "matrix": [
                [
                    0.2795736789703369,
                    -0.9596407413482666,
                    -0.030457913875579834,
                    -0.6267359852790833
                ],
                [
                    0.9596415162086487,
                    0.2782861590385437,
                    0.040571942925453186,
                    0.8538424968719482
                ],
                [
                    -0.030458152294158936,
                    -0.04057160019874573,
                    0.9987121224403381,
                    164.71566772460938
                ],
                [
                    0.0,
                    0.0,
                    0.0,
                    1.0
                ]
            ]
        },
        "left_hip": {
            "parent": "pelvis",
            "matrix": [
                [
                    0.9760906100273132,
                    0.15588723123073578,
                    0.1514805108308792,
                    5.645020484924316
                ],
                [
                    -0.15588727593421936,
                    0.01637089252471924,
                    0.9876391887664795,
                    0.7397551536560059
                ],
                [
                    0.15148045122623444,
