{
    "bones": {
        "_rootJoint": {
            "parent": null,
            "matrix_local": [
                [
                    1.0,
                    0.0,
                    3.422854533141617e-08,
                    0.0
                ],
                [
                    3.422854533141617e-08,
                    2.7967402616013715e-07,
                    -1.0,
                    0.0
                ],
                [
                    -9.572835179985726e-15,
                    1.0,
                    2.384185791015625e-07,
                    0.8776127099990845
                ],
                [
                    0.0,
                    0.0,
                    0.0,
                    1.0
                ]
            ]
        },
        "leg.upper.L_021": {
            "parent": "_rootJoint",
            "matrix_local": [
                [
                    -0.9997638463973999,
                    0.01857687160372734,
                    0.011264585889875889,
                    0.14252552390098572
                ],
                [
                    -0.01158873550593853,
                    -0.017435407266020775,
                    -0.9997806549072266,
                    4.7413413994945586e-06
                ],
                [
                    -0.01837640069425106,
                    -0.9996752142906189,
                    0.017646532505750656,
                    0.8462070822715759
                ],
                [
                    0.0,
                    0.0,
                    0.0,
                    1.0
                ]
            ]
        },
        "leg.lower.L_022": {
            "parent": "leg.upper.L_021",
            "matrix_local": [
                [
                    -0.9997016787528992,
                    0.007974764332175255,
                    0.023075111210346222,
                    0.1496305912733078
                ],
                [
                    -0.022921353578567505,
                    0.01886047050356865,
                    -0.9995591640472412,
                    -0.006661850027740002
                ],
                [
                    -0.008406461216509342,
                    -0.9997901320457458,
                    -0.018672097474336624,
                    0.46397432684898376
                ],
                [
                    0.0,
                    0.0,
                    0.0,
                    1.0
                ]
            ]
        },
        "leg.upper.R_024": {
            "parent": "_rootJoint",
            "matrix_local": [
                [
                    -0.9997639060020447,
                    -0.018576910719275475,
                    -0.011263850145041943,
                    -0.1425255388021469
                ],
                [
                    0.011588056571781635,
                    -0.017435481771826744,
                    -0.9997807145118713,
                    4.746113518194761e-06
                ],
                [
                    0.01837645098567009,
                    -0.9996752142906189,
                    0.01764659956097603,
                    0.8462072014808655
                ],
                [
                    0.0,
                    0.0,
                    0.0,
                    1.0
                ]
            ]
        },
        "leg.lower.R_025": {
            "parent": "leg.upper.R_024",
            "matrix_local": [
                [
                    -0.9997017979621887,
                    -0.007974824868142605,
                    -0.02307409793138504,
                    -0.14963065087795258
                ],
                [
                    0.0229203961789608,
                    0.01886037178337574,
                    -0.999559223651886,
                    -0.006661877501755953
                ],
                [
                    0.008406500332057476,
                    -0.9997901320457458,
                    -0.018672004342079163,
                    0.4639744758605957
                ],
                [
                    0.0,
                    0.0,
                    0.0,
                    1.0
                ]
            ]
        },
        "torso_02": {
            "parent": "_rootJoint",
            "matrix_local": [
                [
                    1.0,
                    -2.261577969168982e-19,
                    2.4086284611257724e-07,
                    -8.131516293641283e-20
                ],
                [
                    2.4086284611257724e-07,
                    3.423139105507289e-08,
                    -1.0,
                    4.819428340852028e-06
                ],
                [
                    2.799477771993353e-16,
                    1.0,
                    -7.024056003501755e-09,
                    0.9524688720703125
                ],
                [
                    0.0,
                    0.0,
                    0.0,
                    1.0
                ]
            ]
        },
        "head_03": {
            "parent": "torso_02",
            "matrix_local": [
                [
                    1.0,
                    -3.5526906395043356e-14,
                    -3.422792360652238e-08,
                    -1.5974215528092531e-16
                ],
                [
                    -3.422792360652238e-08,
                    3.422795202823181e-08,
                    -1.0,
                    4.83402936879429e-06
                ],
                [
                    3.387426041165549e-14,
                    1.0,
                    -7.027496362610464e-09,
                    1.3790283203125
                ],
                [
                    0.0,
                    0.0,
                    0.0,
                    1.0
                ]
            ]
        },
        "ear.L_04": {
            "parent": "head_03",
            "matrix_local": [
                [
                    1.0,
                    -4.806715026006714e-10,
                    -1.4600117026475345e-07,
                    0.49224868416786194
                ],
                [
                    -1.288114361841508e-07,
                    0.4678584337234497,
                    -0.8838034272193909,
                    4.831903424928896e-06
                ],
                [
                    6.873269597917897e-08,
                    0.8838034272193909,
                    0.4678584039211273,
                    1.7522581815719604
                ],
                [
                    0.0,
                    0.0,
                    0.0,
                    1.0
                ]
            ]
        },
        "ear.R_00": {
            "parent": "head_03",
            "matrix_local": [
                [
                    1.0,
                    -4.806537390322774e-10,
                    1.4600126974073646e-07,
                    -0.49224862456321716
                ],
                [
                    1.2926129500101524e-07,
                    0.4678586423397064,
                    -0.8838033080101013,
                    4.884125701209996e-06
                ],
                [
                    -6.788314266259476e-08,
                    0.8838033676147461,
                    0.46785861253738403,
                    1.752258539199829
                ],
                [
                    0.0,
                    0.0,
                    0.0,
                    1.0
                ]
            ]
        },
        "arm.upper.L_05": {
            "parent": "torso_02",
            "matrix_local": [
                [
                    0.00020152553042862564,
                    0.9987623691558838,
                    0.04973595589399338,
                    0.2595542073249817
                ],
                [
                    0.005790747236460447,
                    0.0497339628636837,
                    -0.9987457990646362,
                    -0.010247220285236835
                ],
                [
                    -0.9999831914901733,
                    0.0004891966236755252,
                    -0.005773599725216627,
                    1.236419677734375
                ],
                [
                    0.0,
                    0.0,
                    0.0,
                    1.0
                ]
            ]
        },
        "arm.lower.L_06": {
            "parent": "arm.upper.L_05",
            "matrix_local": [
                [
                    0.012758346274495125,
                    0.9996057748794556,
                    -0.025010976940393448,
                    0.5993158221244812
                ],
                [
                    0.025941692292690277,
                    -0.025335483253002167,
                    -0.9993424415588379,
                    0.006671400740742683
                ],
                [
                    -0.9995819330215454,
                    0.012101042084395885,
                    -0.02625473588705063,
                    1.2365857362747192
                ],
                [
                    0.0,
                    0.0,
                    0.0,
                    1.0
                ]
            ]
        },
        "hand.L_07": {
            "parent": "arm.lower.L_06",
            "matrix_local": [
                [
                    -0.0033104880712926388,
                    0.9999946355819702,
                    -2.080574631690979e-06,
                    0.8623470664024353
                ],
                [
                    1.298263669013977e-06,
                    -2.0675361156463623e-06,
                    -1.0000001192092896,
                    4.742760211229324e-06
                ],
                [
                    -0.9999943971633911,
                    -0.0033105704933404922,
                    -1.3373792171478271e-06,
                    1.2397704124450684
                ],
                [
                    0.0,
                    0.0,
                    0.0,
                    1.0
                ]
            ]
        },
        "finger.01.L_08": {
            "parent": "hand.L_07",
            "matrix_local": [
                [
                    0.00959736667573452,
                    0.9992730617523193,
                    0.03689688444137573,
                    0.9319553375244141
                ],
                [
                    9.949238801709726e-07,
                    0.03689857944846153,
                    -0.9993191361427307,
                    -0.0572713203728199
                ],
                [
                    -0.9999538660049438,
                    0.009590782225131989,
                    0.0003530858375597745,
                    1.2394957542419434
                ],
                [
                    0.0,
                    0.0,
                    0.0,
                    1.0
                ]
            ]
        },
        "finger.02.L_09": {
            "parent": "finger.01.L_08",
            "matrix_local": [
                [
                    -0.0039592706598341465,
                    0.9999469518661499,
                    -0.009516246616840363,
                    1.0211845636367798
                ],
                [
                    8.749775588512421e-07,
                    -0.009516306221485138,
                    -0.9999548196792603,
                    -0.053976450115442276
                ],
                [
                    -0.9999921321868896,
                    -0.003959184978157282,
                    3.6757526686415076e-05,
                    1.2403521537780762
                ],
                [
                    0.0,
                    0.0,
                    0.0,
                    1.0
                ]
            ]
        },
        "thumb.L_010": {
            "parent": "hand.L_07",
            "matrix_local": [
                [
                    -0.04318124055862427,
                    0.742605447769165,
                    0.668336033821106,
                    0.8999924659729004
                ],
                [
                    -0.05392026901245117,
                    -0.6697174906730652,
                    0.7406561970710754,
                    -0.08327506482601166
                ],
                [
                    0.9976111054420471,
                    -0.004054494202136993,
                    0.06896065175533295,
                    1.238632321357727
                ],
                [
                    0.0,
                    0.0,
                    0.0,
                    1.0
                ]
            ]
        },
        "finger.03.L_011": {
            "parent": "hand.L_07",
            "matrix_local": [
                [
                    -0.004736467730253935,
                    0.999078094959259,
                    -0.04267258942127228,
                    0.931950032711029
                ],
                [
                    -3.340363491588505e-06,
                    -0.04267306998372078,
                    -0.999089241027832,
                    0.030801687389612198
                ],
                [
                    -0.9999886751174927,
                    -0.004732095170766115,
                    0.00020541447156574577,
                    1.2394907474517822
                ],
                [
                    0.0,
                    0.0,
                    0.0,
                    1.0
                ]
            ]
        },
        "finger.04.L_012": {
            "parent": "finger.03.L_011",
            "matrix_local": [
                [
                    -0.006079958286136389,
                    0.9996750950813293,
                    0.024762894958257675,
                    1.021071195602417
                ],
                [
                    2.7628302632365376e-06,
                    0.024763379245996475,
                    -0.9996935129165649,
                    0.02699509635567665
                ],
                [
                    -0.9999814033508301,
                    -0.006078106351196766,
                    -0.00015337018703576177,
                    1.2390689849853516
                ],
                [
                    0.0,
                    0.0,
                    0.0,
                    1.0
                ]
            ]
        },
        "arm.upper.R_013": {
            "parent": "torso_02",
            "matrix_local": [
                [
                    -0.027038289234042168,
                    -0.9984050989151001,
                    -0.04956010356545448,
                    -0.25955429673194885
                ],
                [
                    -0.005790869239717722,
                    0.04973383620381355,
                    -0.9987457394599915,
                    -0.010247250087559223
                ],
                [
                    0.9996175765991211,
                    -0.026717277243733406,
                    -0.007126390468329191,
                    1.236419677734375
                ],
                [
                    0.0,
                    0.0,
                    0.0,
                    1.0
                ]
            ]
        },
        "arm.lower.R_014": {
            "parent": "arm.upper.R_013",
            "matrix_local": [
                [
                    -0.014474781230092049,
                    -0.9995644688606262,
                    0.025716930627822876,
                    -0.5991941690444946
                ],
                [
                    -0.025941502302885056,
                    -0.025335557758808136,
                    -0.9993423223495483,
                    0.006671315059065819
                ],
                [
                    0.9995585083961487,
                    -0.015132302418351173,
                    -0.025563523173332214,
                    1.2273308038711548
                ],
                [
                    0.0,
                    0.0,
                    0.0,
                    1.0
                ]
            ]
        },
        "hand.R_015": {
            "parent": "arm.lower.R_014",
            "matrix_local": [
                [
                    -0.030408790335059166,
                    -0.9995375275611877,
                    2.21841037273407e-06,
                    -0.8622143268585205
                ],
                [
                    -9.57399606704712e-07,
                    -2.1923333406448364e-06,
                    -0.9999999403953552,
                    4.63239848613739e-06
                ],
                [
                    0.9995374083518982,
                    -0.030408691614866257,
                    -9.331852197647095e-07,
                    1.2233494520187378
                ],
                [
                    0.0,
                    0.0,
                    0.0,
                    1.0
                ]
            ]
        },
        "finger.01.R_016": {
            "parent": "hand.R_015",
            "matrix_local": [
                [
                    0.014820661395788193,
                    -0.9992091059684753,
                    -0.036894407123327255,
                    -0.9317878484725952
                ],
                [
                    -7.628717639818205e-07,
                    0.03689844533801079,
                    -0.9993189573287964,
                    -0.05727144703269005
                ],
                [
                    0.9998900890350342,
                    0.01481070276349783,
                    0.0005460581160150468,
                    1.2211798429489136
                ],
                [
                    0.0,
                    0.0,
                    0.0,
                    1.0
                ]
            ]
        },
        "finger.02.R_017": {
            "parent": "finger.01.R_016",
            "matrix_local": [
                [
                    -0.006878917571157217,
                    -0.9999307990074158,
                    0.009516101330518723,
                    -1.0210111141204834
                ],
                [
                    -4.561152309179306e-07,
                    -0.009516332298517227,
                    -0.9999545812606812,
                    -0.05397661030292511
                ],
                [
                    0.9999761581420898,
                    -0.006878508720546961,
                    6.496204878203571e-05,
                    1.22250497341156
                ],
                [
                    0.0,
                    0.0,
                    0.0,
                    1.0
                ]
            ]
        },
        "thumb.R_018": {
            "parent": "hand.R_015",
            "matrix_local": [
                [
                    -0.4420589506626129,
                    -0.7429640889167786,
                    -0.5025817155838013,
                    -0.8998149037361145
                ],
                [
                    0.4843561053276062,
                    -0.6693078279495239,
                    0.5634058713912964,
                    -0.08327525109052658
                ],
                [
                    -0.754971981048584,
                    0.005630166735500097,
                    0.6557326316833496,
                    1.2211869955062866
                ],
                [
                    0.0,
                    0.0,
                    0.0,
                    1.0
                ]
            ]
        },
        "finger.03.R_019": {
            "parent": "hand.R_015",
            "matrix_local": [
                [
                    0.01500215008854866,
                    -0.9989766478538513,
                    0.042668409645557404,
                    -0.9317851066589355
                ],
                [
                    3.693795179060544e-06,
                    -0.042673155665397644,
                    -0.9990890026092529,
                    0.030801555141806602
                ],
                [
                    0.9998873472213745,
                    0.014988730661571026,
                    -0.0006365459994412959,
                    1.2211731672286987
                ],
                [
                    0.0,
                    0.0,
                    0.0,
                    1.0
                ]
            ]
        },
        "finger.04.R_020": {
            "parent": "finger.03.R_019",
            "matrix_local": [
                [
                    -0.00691999914124608,
                    -0.9996694326400757,
                    -0.024762693792581558,
                    -1.0208971500396729
                ],
                [
                    -2.3433822207152843e-06,
                    0.024763301014900208,
                    -0.9996932744979858,
                    0.026994960382580757
                ],
                [
                    0.9999759793281555,
                    -0.006917726714164019,
                    -0.0001737454440444708,
                    1.2225074768066406
                ],
                [
                    0.0,
                    0.0,
                    0.0,
                    1.0
                ]
            ]
        }
    },
    "armature": {
        "armature_matrix": [
            [
                0.3409769535064697,
                0.0,
                0.0,
                0.0
            ],
            [
                0.0,
                0.3409769833087921,
                0.0,
                0.0
            ],
            [
                0.0,
                0.0,
                0.3409769833087921,
                0.0
            ],
            [
                0.0,
                0.0,
                0.0,
                1.0
            ]
        ]
    }
}