{
    "bones": {
        "Pelvis": {
            "parent": null,
            "matrix_local": [
                [
                    0.9994726777076721,
                    0.022070588544011116,
                    -0.02381741628050804,
                    -0.001312350039370358
                ],
                [
                    -0.022070351988077164,
                    -0.07627788186073303,
                    -0.9968422651290894,
                    0.027790190652012825
                ],
                [
                    -0.02381763607263565,
                    0.9968422651290894,
                    -0.07575047761201859,
                    0.8270620703697205
                ],
                [
                    0.0,
                    0.0,
                    0.0,
                    1.0
                ]
            ]
        },
        "Thigh.l": {
            "parent": "Pelvis",
            "matrix_local": [
                [
                    0.04885965958237648,
                    -0.02231447957456112,
                    0.9985565543174744,
                    0.08951368182897568
                ],
                [
                    -0.9943163394927979,
                    0.09359505027532578,
                    0.050743721425533295,
                    0.031521379947662354
                ],
                [
                    -0.09459217637777328,
                    -0.9953601956367493,
                    -0.017614642158150673,
                    0.8384652137756348
                ],
                [
                    0.0,
                    0.0,
                    0.0,
                    1.0
                ]
            ]
        },
        "Calf.l": {
            "parent": "Thigh.l",
            "matrix_local": [
                [
                    0.005886610597372055,
                    0.038768306374549866,
                    0.9992311000823975,
                    0.08251655846834183
                ],
                [
                    -0.996249258518219,
                    0.08649394661188126,
                    0.0025132261216640472,
                    0.060869861394166946
                ],
                [
                    -0.08632991462945938,
                    -0.9954977631568909,
                    0.03913203254342079,
                    0.5263513326644897
                ],
                [
                    0.0,
                    0.0,
                    0.0,
                    1.0
                ]
            ]
        },
        "Foot.l": {
            "parent": "Calf.l",
            "matrix_local": [
                [
                    -1.000000238418579,
                    4.917383193969727e-07,
                    3.287196159362793e-05,
                    0.09837810695171356
                ],
                [
                    -2.8958776965737343e-05,
                    -0.4870031476020813,
                    -0.8734003305435181,
                    0.09625773131847382
                ],
                [
                    1.5575438737869263e-05,
                    -0.873400092124939,
                    0.4870032072067261,
                    0.1190563440322876
                ],
                [
                    0.0,
                    0.0,
                    0.0,
                    1.0
                ]
            ]
        },
        "Foot_tip.l": {
            "parent": "Foot.l",
            "matrix_local": [
                [
                    -1.000000238418579,
                    3.1255654903361574e-05,
                    2.491847590135876e-05,
                    0.09837816655635834
                ],
                [
                    -3.1375013350043446e-05,
                    -0.9999901652336121,
                    -0.00444445013999939,
                    0.04002976045012474
                ],
                [
                    2.4775490601314232e-05,
                    -0.004444211721420288,
                    0.9999900460243225,
                    0.018216103315353394
                ],
                [
                    0.0,
                    0.0,
                    0.0,
                    1.0
                ]
            ]
        },
        "Thigh.r": {
            "parent": "Pelvis",
            "matrix_local": [
                [
                    0.048856981098651886,
                    0.022314371541142464,
                    -0.9985567927360535,
                    -0.08951366692781448
                ],
                [
                    0.9943174719810486,
                    0.0935949832201004,
                    0.05074020102620125,
                    0.031521379947662354
                ],
                [
                    0.09459221363067627,
                    -0.9953601360321045,
                    -0.01761488988995552,
                    0.8384652137756348
                ],
                [
                    0.0,
                    0.0,
                    0.0,
                    1.0
                ]
            ]
        },
        "Calf.r": {
            "parent": "Thigh.r",
            "matrix_local": [
                [
                    0.005882512778043747,
                    -0.03876823931932449,
                    -0.999231219291687,
                    -0.08251658082008362
                ],
                [
                    0.9962502121925354,
                    0.08649393171072006,
                    0.0025082677602767944,
                    0.060869839042425156
                ],
                [
                    0.08633027970790863,
                    -0.9954976439476013,
                    0.039131492376327515,
                    0.5263514518737793
                ],
                [
                    0.0,
                    0.0,
                    0.0,
                    1.0
                ]
            ]
        },
        "Foot.r": {
            "parent": "Calf.r",
            "matrix_local": [
                [
                    -1.000000238418579,
                    -5.066394805908203e-07,
                    -3.403984010219574e-05,
                    -0.09837810695171356
                ],
                [
                    2.9120594263076782e-05,
                    -0.4870033860206604,
                    -0.8734011054039001,
                    0.09625771641731262
                ],
                [
                    -1.6260892152786255e-05,
                    -0.8734002709388733,
                    0.48700273036956787,
                    0.11905637383460999
                ],
                [
                    0.0,
                    0.0,
                    0.0,
                    1.0
                ]
            ]
        },
        "Foot_tip.r": {
            "parent": "Foot.r",
            "matrix_local": [
                [
                    -1.000000238418579,
                    -3.1765281164553016e-05,
                    -1.1466436262708157e-05,
                    -0.09837816655635834
                ],
                [
                    3.095937427133322e-05,
                    -0.9999910593032837,
                    -0.004443943500518799,
                    0.04002976045012474
                ],
                [
                    -1.1451051250332966e-05,
                    -0.004444122314453125,
                    0.9999899864196777,
                    0.01821618527173996
                ],
                [
                    0.0,
                    0.0,
                    0.0,
                    1.0
                ]
            ]
        },
        "Spine_01": {
            "parent": "Pelvis",
            "matrix_local": [
                [
                    -0.9986773133277893,
                    0.04176924005150795,
                    0.029984038323163986,
                    -0.0013123502722010016
                ],
                [
                    0.041769638657569885,
                    0.319003164768219,
                    0.9468327760696411,
                    0.011256540194153786
                ],
                [
                    0.02998347580432892,
                    0.9468328356742859,
                    -0.3203258216381073,
                    0.9228041172027588
                ],
                [
                    0.0,
                    0.0,
                    0.0,
                    1.0
                ]
            ]
        },
        "coat.l": {
            "parent": "Spine_01",
            "matrix_local": [
                [
                    0.04856351763010025,
                    0.09906615316867828,
                    0.9938929677009583,
                    0.07707938551902771
                ],
                [
                    -0.9839688539505005,
                    -0.16620127856731415,
                    0.06464040279388428,
                    -0.07500071078538895
                ],
                [
                    0.17159096896648407,
                    -0.9811027646064758,
                    0.08940669894218445,
                    0.9252589344978333
                ],
                [
                    0.0,
                    0.0,
                    0.0,
                    1.0
                ]
            ]
        },
        "coat.l_end": {
            "parent": "coat.l",
            "matrix_local": [
                [
                    0.04856361076235771,
                    0.0990661159157753,
                    0.9938929677009583,
                    0.09884253889322281
                ],
                [
                    -0.9839688539505005,
                    -0.16620132327079773,
                    0.06464049220085144,
                    -0.11151231825351715
                ],
                [
                    0.17159102857112885,
                    -0.9811027646064758,
                    0.08940664678812027,
                    0.7097272872924805
                ],
                [
                    0.0,
                    0.0,
                    0.0,
                    1.0
                ]
            ]
        },
        "coat.r": {
            "parent": "Spine_01",
            "matrix_local": [
                [
                    0.04855678975582123,
                    -0.0990697592496872,
                    -0.9938976168632507,
                    -0.07707938551902771
                ],
                [
                    0.9839715361595154,
                    -0.16620123386383057,
                    0.0646408349275589,
                    -0.07500071078538895
                ],
                [
                    -0.17159008979797363,
                    -0.9811027646064758,
                    0.0894118994474411,
                    0.9252589344978333
                ],
                [
                    0.0,
                    0.0,
                    0.0,
                    1.0
                ]
            ]
        },
        "coat.r_end": {
            "parent": "coat.r",
            "matrix_local": [
                [
                    0.048556942492723465,
                    -0.09906978160142899,
                    -0.9938976168632507,
                    -0.09884333610534668
                ],
                [
                    0.9839715361595154,
                    -0.16620124876499176,
                    0.06464099138975143,
                    -0.11151230335235596
                ],
                [
                    -0.17159011960029602,
                    -0.9811027646064758,
                    0.0894118994474411,
                    0.7097272872924805
                ],
                [
                    0.0,
                    0.0,
                    0.0,
                    1.0
                ]
            ]
        },
        "coat.l.001": {
            "parent": "Spine_01",
            "matrix_local": [
                [
                    0.06354869902133942,
                    0.08665262907743454,
                    0.9942098259925842,
                    0.06909942626953125
                ],
                [
                    -0.9574688076972961,
                    0.28625011444091797,
                    0.0362514927983284,
                    0.12090960890054703
                ],
                [
                    -0.28145134449005127,
                    -0.9542285203933716,
                    0.10115806013345718,
                    0.9303179979324341
                ],
                [
                    0.0,
                    0.0,
                    0.0,
                    1.0
                ]
            ]
        },
        "coat.l.001_end": {
            "parent": "coat.l.001",
            "matrix_local": [
                [
                    0.06354881823062897,
                    0.08665262162685394,
                    0.9942098259925842,
                    0.08741695433855057
                ],
                [
                    -0.9574688673019409,
                    0.28624996542930603,
                    0.03625161573290825,
                    0.18142010271549225
                ],
                [
                    -0.2814512252807617,
                    -0.9542285203933716,
                    0.10115808993577957,
                    0.7286033630371094
                ],
                [
                    0.0,
                    0.0,
                    0.0,
                    1.0
                ]
            ]
        },
        "coat.r.001": {
            "parent": "Spine_01",
            "matrix_local": [
                [
                    0.06354811042547226,
                    -0.08664996922016144,
                    -0.9942092299461365,
                    -0.06909941881895065
                ],
                [
                    0.9574689865112305,
                    0.2862500548362732,
                    0.03625158220529556,
                    0.12090958654880524
                ],
                [
                    0.2814514935016632,
                    -0.9542286396026611,
                    0.10115472972393036,
                    0.9303179979324341
                ],
                [
                    0.0,
                    0.0,
                    0.0,
                    1.0
                ]
            ]
        },
        "coat.r.001_end": {
            "parent": "coat.r.001",
            "matrix_local": [
                [
                    0.06354808062314987,
                    -0.08664996922016144,
                    -0.9942092299461365,
                    -0.0874163806438446
                ],
                [
                    0.9574690461158752,
                    0.28624996542930603,
                    0.03625155985355377,
                    0.18142008781433105
                ],
                [
                    0.28145140409469604,
                    -0.9542286396026611,
                    0.10115471482276917,
                    0.7286033034324646
                ],
                [
                    0.0,
                    0.0,
                    0.0,
                    1.0
                ]
            ]
        },
        "coat.l.002": {
            "parent": "Spine_01",
            "matrix_local": [
                [
                    0.05200977623462677,
                    0.2759719789028168,
                    0.9597574472427368,
                    0.14943301677703857
                ],
                [
                    -0.9955863356590271,
                    0.08950817584991455,
                    0.028213590383529663,
                    0.025717299431562424
                ],
                [
                    -0.07811993360519409,
                    -0.9569886922836304,
                    0.27940911054611206,
                    0.9303179979324341
                ],
                [
                    0.0,
                    0.0,
                    0.0,
                    1.0
                ]
            ]
        },
        "coat.l.002_end": {
            "parent": "coat.l.002",
            "matrix_local": [
                [
                    0.05200975015759468,
                    0.2759718894958496,
                    0.9597574472427368,
                    0.20918557047843933
                ],
                [
                    -0.9955863356590271,
                    0.08950819075107574,
                    0.028213566169142723,
                    0.045097317546606064
                ],
                [
                    -0.07811995595693588,
                    -0.9569886922836304,
                    0.2794090211391449,
                    0.7231139540672302
                ],
                [
                    0.0,
                    0.0,
                    0.0,
                    1.0
                ]
            ]
        },
        "coat.r.002": {
            "parent": "Spine_01",
            "matrix_local": [
                [
                    0.05200881510972977,
                    -0.2759718894958496,
                    -0.9597576260566711,
                    -0.14943303167819977
                ],
                [
                    0.9955865740776062,
                    0.08950787782669067,
                    0.028213083744049072,
                    0.025717301294207573
                ],
                [
                    0.07811996340751648,
                    -0.9569889307022095,
                    0.27940911054611206,
                    0.9303179979324341
                ],
                [
                    0.0,
                    0.0,
                    0.0,
                    1.0
                ]
            ]
        },
        "coat.r.002_end": {
            "parent": "coat.r.002",
            "matrix_local": [
                [
                    0.052008822560310364,
                    -0.2759718596935272,
                    -0.9597576260566711,
                    -0.20918554067611694
                ],
                [
                    0.9955865740776062,
                    0.08950783312320709,
                    0.028213106095790863,
                    0.04509724676609039
                ],
                [
                    0.0781199112534523,
                    -0.9569889307022095,
                    0.27940911054611206,
                    0.7231139540672302
                ],
                [
                    0.0,
                    0.0,
                    0.0,
                    1.0
                ]
            ]
        },
        "Spine_02": {
            "parent": "Spine_01",
            "matrix_local": [
                [
                    0.9804417490959167,
                    0.1771487444639206,
                    -0.08574635535478592,
                    -0.0013123503886163235
                ],
                [
                    -0.17714765667915344,
                    0.6045082807540894,
                    -0.7766521573066711,
                    -0.004320058971643448
                ],
                [
                    -0.08574854582548141,
                    0.7766521573066711,
                    0.6240663528442383,
                    1.0663299560546875
                ],
                [
                    0.0,
                    0.0,
                    0.0,
                    1.0
                ]
            ]
        },
        "Fourreau": {
            "parent": "Spine_02",
            "matrix_local": [
                [
                    -0.8673844933509827,
                    -0.49763911962509155,
                    -0.000612795352935791,
                    0.05951717495918274
                ],
                [
                    -0.005313128232955933,
                    0.01049092411994934,
                    -0.9999312162399292,
                    0.18795017898082733
                ],
                [
                    0.49761080741882324,
                    -0.867321252822876,
                    -0.011744171380996704,
                    1.191716194152832
                ],
                [
                    0.0,
                    0.0,
                    0.0,
                    1.0
                ]
            ]
        },
        "Spine_03": {
            "parent": "Spine_02",
            "matrix_local": [
                [
                    0.9999066591262817,
                    0.009933717548847198,
                    -0.009379677474498749,
                    -0.0013123471289873123
                ],
                [
                    -0.009933434426784515,
                    0.05725055932998657,
                    -0.9983104467391968,
                    0.010986410081386566
                ],
                [
                    -0.009379841387271881,
                    0.9983105063438416,
                    0.05734354257583618,
                    1.2076313495635986
                ],
                [
                    0.0,
                    0.0,
                    0.0,
                    1.0
                ]
            ]
        },
        "Clavicle.r": {
            "parent": "Spine_03",
            "matrix_local": [
                [
                    0.31560635566711426,
                    -0.9356474280357361,
                    -0.157976433634758,
                    -0.048189494758844376
                ],
                [
                    0.5461416840553284,
                    0.31526002287864685,
                    -0.7761059403419495,
                    0.00647253543138504
                ],
                [
                    0.7759655117988586,
                    0.1586664766073227,
                    0.6104938387870789,
                    1.2681143283843994
                ],
                [
                    0.0,
                    0.0,
                    0.0,
                    1.0
                ]
            ]
        },
        "Upperarm.r": {
            "parent": "Clavicle.r",
            "matrix_local": [
                [
                    0.0053426846861839294,
                    -0.9842479228973389,
                    -0.17671358585357666,
                    -0.1669851839542389
                ],
                [
                    0.9934448599815369,
                    0.0254034586250782,
                    -0.11145532131195068,
                    0.046499934047460556
                ],
                [
                    0.11418917775154114,
                    -0.17495982348918915,
                    0.9779316186904907,
                    1.2882596254348755
                ],
                [
                    0.0,
                    0.0,
                    0.0,
                    1.0
                ]
            ]
        },
        "Upperarm.r.001": {
            "parent": "Upperarm.r",
            "matrix_local": [
                [
                    -0.016292981803417206,
                    -0.9998599886894226,
                    0.0038012266159057617,
                    -0.40709125995635986
                ],
                [
                    0.9571077823638916,
                    -0.014496224001049995,
                    0.2893696129322052,
                    0.0526970773935318
                ],
                [
                    -0.28927361965179443,
                    0.008352771401405334,
                    0.9572101831436157,
                    1.245578408241272
                ],
                [
                    0.0,
                    0.0,
                    0.0,
                    1.0
                ]
            ]
        },
        "Hand.r": {
            "parent": "Upperarm.r.001",
            "matrix_local": [
                [
                    0.2787618935108185,
                    -0.9596730470657349,
                    0.036322932690382004,
                    -0.6785466074943542
                ],
                [
                    0.9535081386566162,
                    0.27206477522850037,
                    -0.12962785363197327,
                    0.04876144975423813
                ],
                [
                    0.11451858282089233,
                    0.0707695335149765,
                    0.9908973574638367,
                    1.2478461265563965
                ],
                [
                    0.0,
                    0.0,
                    0.0,
                    1.0
                ]
            ]
        },
        "Index_01.r": {
            "parent": "Hand.r",
            "matrix_local": [
                [
                    0.021111734211444855,
                    -0.9997416138648987,
                    -0.00842994824051857,
                    -0.7780159115791321
                ],
                [
                    0.9997418522834778,
                    0.021039124578237534,
                    0.008608728647232056,
                    0.013285879045724869
                ],
                [
                    -0.008428752422332764,
                    -0.008609596639871597,
                    0.9999275803565979,
                    1.2604457139968872
                ],
                [
                    0.0,
                    0.0,
                    0.0,
                    1.0
                ]
            ]
        },
        "Index_02.r": {
            "parent": "Index_01.r",
            "matrix_local": [
                [
                    0.02066514454782009,
                    -0.9993477463722229,
                    0.029618922621011734,
                    -0.8154045939445496
                ],
                [
                    0.9993478059768677,
                    0.01976929046213627,
                    -0.030225690454244614,
                    0.01407270785421133
                ],
                [
                    0.029620815068483353,
                    0.030224137008190155,
                    0.9991043210029602,
                    1.2601237297058105
                ],
                [
                    0.0,
                    0.0,
                    0.0,
                    1.0
                ]
            ]
        },
        "Index_03.r": {
            "parent": "Index_02.r",
            "matrix_local": [
                [
                    0.02845575660467148,
                    -0.9971455931663513,
                    0.06993617862462997,
                    -0.8473631143569946
                ],
                [
                    0.9971455931663513,
                    0.023421360179781914,
                    -0.07177986204624176,
                    0.014704917557537556
                ],
                [
                    0.06993735581636429,
                    0.07177902013063431,
                    0.9949657320976257,
                    1.2610902786254883
                ],
                [
                    0.0,
                    0.0,
                    0.0,
                    1.0
                ]
            ]
        },
        "Index_03.r_end": {
            "parent": "Index_03.r",
            "matrix_local": [
                [
                    0.02845575474202633,
                    -0.9971455931663513,
                    0.06993617862462997,
                    -0.8760589957237244
                ],
                [
                    0.9971455931663513,
                    0.023421358317136765,
                    -0.07177986204624176,
                    0.015378938056528568
                ],
                [
                    0.06993735581636429,
                    0.07177902013063431,
                    0.9949657320976257,
                    1.2631559371948242
                ],
                [
                    0.0,
                    0.0,
                    0.0,
                    1.0
                ]
            ]
        },
        "Middle_01.r": {
            "parent": "Hand.r",
            "matrix_local": [
                [
                    -0.007092093117535114,
                    -0.9986000061035156,
                    0.052417099475860596,
                    -0.7795526385307312
                ],
                [
                    0.9986002445220947,
                    -0.009820396080613136,
                    -0.05197533220052719,
                    0.04530102759599686
                ],
                [
                    0.05241771787405014,
                    0.05197501555085182,
                    0.9972718954086304,
                    1.2637531757354736
                ],
                [
                    0.0,
                    0.0,
                    0.0,
                    1.0
                ]
            ]
        },
        "Middle_02.r": {
            "parent": "Middle_01.r",
            "matrix_local": [
                [
                    0.013172074221074581,
                    -0.9993085265159607,
                    0.034767985343933105,
                    -0.82646644115448
                ],
                [
                    0.999308705329895,
                    0.011946985498070717,
                    -0.03520938754081726,
                    0.04483966901898384
                ],
                [
                    0.03477006405591965,
                    0.035207636654376984,
                    0.9987751841545105,
                    1.2661949396133423
                ],
                [
                    0.0,
                    0.0,
                    0.0,
                    1.0
                ]
            ]
        },
        "Middle_03.r": {
            "parent": "Middle_02.r",
            "matrix_local": [
                [
                    0.018330011516809464,
                    -0.9995726346969604,
                    0.022769439965486526,
                    -0.8620817065238953
                ],
                [
                    0.9995728731155396,
                    0.017801741138100624,
                    -0.023187343031167984,
                    0.04526545852422714
                ],
                [
                    0.022772494703531265,
                    0.0231846421957016,
                    0.9994720220565796,
                    1.2674497365951538
                ],
                [
                    0.0,
                    0.0,
                    0.0,
                    1.0
                ]
            ]
        },
        "Middle_03.r_end": {
            "parent": "Middle_03.r",
            "matrix_local": [
                [
                    0.018330013379454613,
                    -0.9995726346969604,
                    0.022769443690776825,
                    -0.891068696975708
                ],
                [
                    0.9995728731155396,
                    0.017801743000745773,
                    -0.02318734861910343,
                    0.0457816980779171
                ],
                [
                    0.022772500291466713,
                    0.023184645920991898,
                    0.9994720220565796,
                    1.2681220769882202
                ],
                [
                    0.0,
                    0.0,
                    0.0,
                    1.0
                ]
            ]
        },
        "Ring_01.r": {
            "parent": "Hand.r",
            "matrix_local": [
                [
                    -0.01938534900546074,
                    -0.9989526867866516,
                    0.04144514352083206,
                    -0.7797542810440063
                ],
                [
                    0.9989528656005859,
                    -0.021070439368486404,
                    -0.040614284574985504,
                    0.07621337473392487
                ],
                [
                    0.04144541919231415,
                    0.04061432182788849,
                    0.998315155506134,
                    1.2617219686508179
                ],
                [
                    0.0,
                    0.0,
                    0.0,
                    1.0
                ]
            ]
        },
        "Ring_02.r": {
            "parent": "Ring_01.r",
            "matrix_local": [
                [
                    0.017205776646733284,
                    -0.9997941255569458,
                    0.010756285861134529,
                    -0.8209470510482788
                ],
                [
                    0.9997941255569458,
                    0.01708795316517353,
                    -0.010946003720164299,
                    0.075344517827034
                ],
                [
                    0.010760350152850151,
                    0.010942317545413971,
                    0.9998824000358582,
                    1.2633967399597168
                ],
                [
                    0.0,
                    0.0,
                    0.0,
                    1.0
                ]
            ]
        },
        "Ring_03.r": {
            "parent": "Ring_02.r",
            "matrix_local": [
                [
                    0.006191459950059652,
                    -0.9994869232177734,
                    0.03142537176609039,
                    -0.850246787071228
                ],
                [
                    0.9994868040084839,
                    0.005197633523494005,
                    -0.031606853008270264,
                    0.07584529370069504
                ],
                [
                    0.03142770379781723,
                    0.03160484880208969,
                    0.9990063905715942,
                    1.2637174129486084
                ],
                [
                    0.0,
                    0.0,
                    0.0,
                    1.0
                ]
            ]
        },
        "Ring_03.r_end": {
            "parent": "Ring_03.r",
            "matrix_local": [
                [
                    0.006191462278366089,
                    -0.9994869232177734,
                    0.03142537176609039,
                    -0.8819858431816101
                ],
                [
                    0.9994868040084839,
                    0.0051976353861391544,
                    -0.03160686045885086,
                    0.07601034641265869
                ],
                [
                    0.03142771124839783,
                    0.03160484880208969,
                    0.9990063905715942,
                    1.2647210359573364
                ],
                [
                    0.0,
                    0.0,
                    0.0,
                    1.0
                ]
            ]
        },
        "Pinky_01.r": {
            "parent": "Hand.r",
            "matrix_local": [
                [
                    0.004100592341274023,
                    -0.9999655485153198,
                    -0.007197707891464233,
                    -0.7700493335723877
                ],
                [
                    0.9999658465385437,
                    0.004048550967127085,
                    0.007229909300804138,
                    0.10181079804897308
                ],
                [
                    -0.007200151681900024,
                    -0.007227189838886261,
                    0.9999481439590454,
                    1.2611780166625977
                ],
                [
                    0.0,
                    0.0,
                    0.0,
                    1.0
                ]
            ]
        },
        "Pinky_02.r": {
            "parent": "Pinky_01.r",
            "matrix_local": [
                [
                    -0.018015515059232712,
                    -0.9996452927589417,
                    0.01961270347237587,
                    -0.8019651770591736
                ],
                [
                    0.9996455907821655,
                    -0.018393373116850853,
                    -0.019259080290794373,
                    0.10194001346826553
                ],
                [
                    0.019613362848758698,
                    0.01925870031118393,
                    0.9996224045753479,
                    1.260947346687317
                ],
                [
                    0.0,
                    0.0,
                    0.0,
                    1.0
                ]
            ]
        },
        "Pinky_03.r": {
            "parent": "Pinky_02.r",
            "matrix_local": [
                [
                    -0.003594849491491914,
                    -0.9980677366256714,
                    0.06203072518110275,
                    -0.824154257774353
                ],
                [
                    0.9980679154396057,
                    -0.007428916171193123,
                    -0.06168974190950394,
                    0.1015317365527153
                ],
                [
                    0.06203172728419304,
                    0.06168902665376663,
                    0.9961662292480469,
                    1.261374831199646
                ],
                [
                    0.0,
                    0.0,
                    0.0,
                    1.0
                ]
            ]
        },
        "Pinky_03.r_end": {
            "parent": "Pinky_03.r",
            "matrix_local": [
                [
                    -0.0035948483273386955,
                    -0.9980677366256714,
                    0.062030721455812454,
                    -0.8498713970184326
                ],
                [
                    0.9980679154396057,
                    -0.007428914308547974,
                    -0.06168973818421364,
                    0.10134031623601913
                ],
                [
                    0.06203172355890274,
                    0.061689022928476334,
                    0.9961662292480469,
                    1.2629643678665161
                ],
                [
                    0.0,
                    0.0,
                    0.0,
                    1.0
                ]
            ]
        },
        "Thumb_01.r": {
            "parent": "Hand.r",
            "matrix_local": [
                [
                    -0.21235795319080353,
                    -0.7802188396453857,
                    -0.5883558988571167,
                    -0.7050392627716064
                ],
                [
                    0.8649472594261169,
                    -0.43024927377700806,
                    0.2583642899990082,
                    0.01189025491476059
                ],
                [
                    -0.4547201991081238,
                    -0.45403140783309937,
                    0.7662150263786316,
                    1.2292864322662354
                ],
                [
                    0.0,
                    0.0,
                    0.0,
                    1.0
                ]
            ]
        },
        "Thumb_02.r": {
            "parent": "Thumb_01.r",
            "matrix_local": [
                [
                    -0.2024565488100052,
                    -0.8782532215118408,
                    -0.43322357535362244,
                    -0.7339455485343933
                ],
                [
                    0.9744102954864502,
                    -0.224777489900589,
                    0.00031356513500213623,
                    -0.004050023853778839
                ],
                [
                    -0.09765413403511047,
                    -0.42207419872283936,
                    0.9012865424156189,
                    1.2124650478363037
                ],
                [
                    0.0,
                    0.0,
                    0.0,
                    1.0
                ]
            ]
        },
