{
    "bones": {
        "J_Bip_C_Hips": {
            "parent": null,
            "matrix_local": [
                [
                    1.0,
                    4.884981308350689e-15,
                    5.960464477539063e-08,
                    0.0
                ],
                [
                    5.9133032692670895e-08,
                    -0.12554782629013062,
                    -0.9920876026153564,
                    -0.004248466342687607
                ],
                [
                    7.483229147453585e-09,
                    0.9920876026153564,
                    -0.1255478858947754,
                    0.9723958373069763
                ],
                [
                    0.0,
                    0.0,
                    0.0,
                    1.0
                ]
            ]
        },
        "J_Sec_L_SkirtSide0_01": {
            "parent": "J_Bip_C_Hips",
            "matrix_local": [
                [
                    -0.0007806421490386128,
                    0.3894810080528259,
                    0.9210340976715088,
                    0.17559714615345
                ],
                [
                    -0.9979711174964905,
                    0.058317821472883224,
                    -0.025506794452667236,
                    -0.011979103088378906
                ],
                [
                    -0.06364767253398895,
                    -0.9191862940788269,
                    0.38864561915397644,
                    0.9547978639602661
                ],
                [
                    0.0,
                    0.0,
                    0.0,
                    1.0
                ]
            ]
        },
        "J_Sec_L_SkirtSide1_01": {
            "parent": "J_Sec_L_SkirtSide0_01",
            "matrix_local": [
                [
                    8.905772119760513e-07,
                    0.3885880410671234,
                    0.9214115142822266,
                    0.17559726536273956
                ],
                [
                    -0.9980006814002991,
                    0.058221787214279175,
                    -0.024552859365940094,
                    -0.011979085393249989
                ],
                [
                    -0.06318772584199905,
                    -0.9195702075958252,
                    0.3878115117549896,
                    0.9547975659370422
                ],
                [
                    0.0,
                    0.0,
                    0.0,
                    1.0
                ]
            ]
        },
        "J_Sec_L_SkirtSide2_01": {
            "parent": "J_Sec_L_SkirtSide1_01",
            "matrix_local": [
                [
                    0.0003448035567998886,
                    0.31283479928970337,
                    0.9498074650764465,
                    0.22299596667289734
                ],
                [
                    -0.998359739780426,
                    0.05446908622980118,
                    -0.017577746883034706,
                    -0.0034427158534526825
                ],
                [
                    -0.05723462253808975,
                    -0.9482443332672119,
                    0.31234070658683777,
                    0.8258001804351807
                ],
                [
                    0.0,
                    0.0,
                    0.0,
                    1.0
                ]
            ]
        },
        "J_Sec_L_SkirtSide2_end_01": {
            "parent": "J_Sec_L_SkirtSide2_01",
            "matrix_local": [
                [
                    -0.00034396257251501083,
                    0.3128349483013153,
                    -0.9498074054718018,
                    0.2612905502319336
                ],
                [
                    0.998359739780426,
                    0.054469022899866104,
                    0.017578620463609695,
                    0.0037868316285312176
                ],
                [
                    0.05723483860492706,
                    -0.9482442736625671,
                    -0.3123408257961273,
                    0.7027104496955872
                ],
                [
                    0.0,
                    0.0,
                    0.0,
                    1.0
                ]
            ]
        },
        "J_Sec_L_SkirtSide2_end_01_end": {
            "parent": "J_Sec_L_SkirtSide2_end_01",
            "matrix_local": [
                [
                    -0.00034339906414970756,
                    0.31283554434776306,
                    -0.9498072266578674,
                    0.2843190133571625
                ],
                [
                    0.998359739780426,
                    0.054468922317028046,
                    0.0175792183727026,
                    0.007491782307624817
                ],
                [
                    0.057234931737184525,
                    -0.9482440948486328,
                    -0.3123413920402527,
                    0.6367107033729553
                ],
                [
                    0.0,
                    0.0,
                    0.0,
                    1.0
                ]
            ]
        },
        "J_Sec_R_SkirtSide0_01": {
            "parent": "J_Bip_C_Hips",
            "matrix_local": [
                [
                    -0.0007805227069184184,
                    -0.3894810080528259,
                    -0.9210341572761536,
                    -0.1755969226360321
                ],
                [
                    0.99797123670578,
                    0.05831778421998024,
                    -0.025506673380732536,
                    -0.011979088187217712
                ],
                [
                    0.06364753842353821,
                    -0.9191862344741821,
                    0.3886456787586212,
                    0.954797625541687
                ],
                [
                    0.0,
                    0.0,
                    0.0,
                    1.0
                ]
            ]
        },
        "J_Sec_R_SkirtSide1_01": {
            "parent": "J_Sec_R_SkirtSide0_01",
            "matrix_local": [
                [
                    4.4051557779312134e-07,
                    -0.38858819007873535,
                    -0.9214115142822266,
                    -0.17559696733951569
                ],
                [
                    0.9980008006095886,
                    0.05822162702679634,
                    -0.024553310126066208,
                    -0.011979065835475922
                ],
                [
                    0.06318770349025726,
                    -0.9195702075958252,
                    0.3878116309642792,
                    0.9547973871231079
                ],
                [
                    0.0,
                    0.0,
                    0.0,
                    1.0
                ]
            ]
        },
        "J_Sec_R_SkirtSide2_01": {
            "parent": "J_Sec_R_SkirtSide1_01",
            "matrix_local": [
                [
                    0.000344323692843318,
                    -0.3128351867198944,
                    -0.949807345867157,
                    -0.22299551963806152
                ],
                [
                    0.9983598589897156,
                    0.05446910858154297,
                    -0.017578301951289177,
                    -0.003442680463194847
                ],
                [
                    0.05723476782441139,
                    -0.9482442140579224,
                    0.3123410642147064,
                    0.8258005380630493
                ],
                [
                    0.0,
                    0.0,
                    0.0,
                    1.0
                ]
            ]
        },
        "J_Sec_R_SkirtSide2_end_01": {
            "parent": "J_Sec_R_SkirtSide2_01",
            "matrix_local": [
                [
                    0.00034474689164198935,
                    -0.31283479928970337,
                    -0.9498074650764465,
                    -0.26129019260406494
                ],
                [
                    0.9983598589897156,
                    0.05446892976760864,
                    -0.017577774822711945,
                    0.003786844667047262
                ],
                [
                    0.05723443627357483,
                    -0.9482443332672119,
                    0.31234070658683777,
                    0.7027104496955872
                ],
                [
                    0.0,
                    0.0,
                    0.0,
                    1.0
                ]
            ]
        },
        "J_Sec_R_SkirtSide2_end_01_end": {
            "parent": "J_Sec_R_SkirtSide2_end_01",
            "matrix_local": [
                [
                    0.0003447727067396045,
                    -0.312834769487381,
                    -0.9498074650764465,
                    -0.282052218914032
                ],
                [
                    0.9983598589897156,
                    0.054469045251607895,
                    -0.01757778599858284,
                    0.007706440053880215
                ],
                [
                    0.05723455175757408,
                    -0.9482443332672119,
                    0.3123406767845154,
                    0.6359753608703613
                ],
                [
                    0.0,
                    0.0,
                    0.0,
                    1.0
                ]
            ]
        },
        "J_Sec_L_SkirtSide0_02": {
            "parent": "J_Bip_C_Hips",
            "matrix_local": [
                [
                    -0.0007806421490386128,
                    0.3894810080528259,
                    0.9210340976715088,
                    0.17559714615345
                ],
                [
                    -0.9979711174964905,
                    0.058317821472883224,
                    -0.025506794452667236,
                    -0.011979103088378906
                ],
                [
                    -0.06364767253398895,
                    -0.9191862940788269,
                    0.38864561915397644,
                    0.9547978639602661
                ],
                [
                    0.0,
                    0.0,
                    0.0,
                    1.0
                ]
            ]
        },
        "J_Sec_L_SkirtSide1_02": {
            "parent": "J_Sec_L_SkirtSide0_02",
            "matrix_local": [
                [
                    8.905772119760513e-07,
                    0.3885880410671234,
                    0.9214115142822266,
                    0.17559726536273956
                ],
                [
                    -0.9980006814002991,
                    0.058221787214279175,
                    -0.024552859365940094,
                    -0.011979085393249989
                ],
                [
                    -0.06318772584199905,
                    -0.9195702075958252,
                    0.3878115117549896,
                    0.9547975659370422
                ],
                [
                    0.0,
                    0.0,
                    0.0,
                    1.0
                ]
            ]
        },
        "J_Sec_L_SkirtSide2_02": {
            "parent": "J_Sec_L_SkirtSide1_02",
            "matrix_local": [
                [
                    0.0003448035567998886,
                    0.31283479928970337,
                    0.9498074650764465,
                    0.22299596667289734
                ],
                [
                    -0.998359739780426,
                    0.05446908622980118,
                    -0.017577746883034706,
                    -0.0034427158534526825
                ],
                [
                    -0.05723462253808975,
                    -0.9482443332672119,
                    0.31234070658683777,
                    0.8258001804351807
                ],
                [
                    0.0,
                    0.0,
                    0.0,
                    1.0
                ]
            ]
        },
        "J_Sec_L_SkirtSide2_end_02": {
            "parent": "J_Sec_L_SkirtSide2_02",
            "matrix_local": [
                [
                    -0.00034396257251501083,
                    0.3128349483013153,
                    -0.9498074054718018,
                    0.2612905502319336
                ],
                [
                    0.998359739780426,
                    0.054469022899866104,
                    0.017578620463609695,
                    0.0037868316285312176
                ],
                [
                    0.05723483860492706,
                    -0.9482442736625671,
                    -0.3123408257961273,
                    0.7027104496955872
                ],
                [
                    0.0,
                    0.0,
                    0.0,
                    1.0
                ]
            ]
        },
        "J_Sec_L_SkirtSide2_end_02_end": {
            "parent": "J_Sec_L_SkirtSide2_end_02",
            "matrix_local": [
                [
                    -0.00034339906414970756,
                    0.31283554434776306,
                    -0.9498072266578674,
                    0.2843190133571625
                ],
                [
                    0.998359739780426,
                    0.054468922317028046,
                    0.0175792183727026,
                    0.007491782307624817
                ],
                [
                    0.057234931737184525,
                    -0.9482440948486328,
                    -0.3123413920402527,
                    0.6367107033729553
                ],
                [
                    0.0,
                    0.0,
                    0.0,
                    1.0
                ]
            ]
        },
        "J_Sec_R_SkirtSide0_02": {
            "parent": "J_Bip_C_Hips",
            "matrix_local": [
                [
                    -0.0007805227069184184,
                    -0.3894810080528259,
                    -0.9210341572761536,
                    -0.1755969226360321
                ],
                [
                    0.99797123670578,
                    0.05831778421998024,
                    -0.025506673380732536,
                    -0.011979088187217712
                ],
                [
                    0.06364753842353821,
                    -0.9191862344741821,
                    0.3886456787586212,
                    0.954797625541687
                ],
                [
                    0.0,
                    0.0,
                    0.0,
                    1.0
                ]
            ]
        },
        "J_Sec_R_SkirtSide1_02": {
            "parent": "J_Sec_R_SkirtSide0_02",
            "matrix_local": [
                [
                    4.4051557779312134e-07,
                    -0.38858819007873535,
                    -0.9214115142822266,
                    -0.17559696733951569
                ],
                [
                    0.9980008006095886,
                    0.05822162702679634,
                    -0.024553310126066208,
                    -0.011979065835475922
                ],
                [
                    0.06318770349025726,
                    -0.9195702075958252,
                    0.3878116309642792,
                    0.9547973871231079
                ],
                [
                    0.0,
                    0.0,
                    0.0,
                    1.0
                ]
            ]
        },
        "J_Sec_R_SkirtSide2_02": {
            "parent": "J_Sec_R_SkirtSide1_02",
            "matrix_local": [
                [
                    0.000344323692843318,
                    -0.3128351867198944,
                    -0.949807345867157,
                    -0.22299551963806152
                ],
                [
                    0.9983598589897156,
                    0.05446910858154297,
                    -0.017578301951289177,
                    -0.003442680463194847
                ],
                [
                    0.05723476782441139,
                    -0.9482442140579224,
                    0.3123410642147064,
                    0.8258005380630493
                ],
                [
                    0.0,
                    0.0,
                    0.0,
                    1.0
                ]
            ]
        },
        "J_Sec_R_SkirtSide2_end_02": {
            "parent": "J_Sec_R_SkirtSide2_02",
            "matrix_local": [
                [
                    0.00034474689164198935,
                    -0.31283479928970337,
                    -0.9498074650764465,
                    -0.26129019260406494
                ],
                [
                    0.9983598589897156,
                    0.05446892976760864,
                    -0.017577774822711945,
                    0.003786844667047262
                ],
                [
                    0.05723443627357483,
                    -0.9482443332672119,
                    0.31234070658683777,
                    0.7027104496955872
                ],
                [
                    0.0,
                    0.0,
                    0.0,
                    1.0
                ]
            ]
        },
        "J_Sec_R_SkirtSide2_end_02_end": {
            "parent": "J_Sec_R_SkirtSide2_end_02",
            "matrix_local": [
                [
                    0.0003447727067396045,
                    -0.312834769487381,
                    -0.9498074650764465,
                    -0.282052218914032
                ],
                [
                    0.9983598589897156,
                    0.054469045251607895,
                    -0.01757778599858284,
                    0.007706440053880215
                ],
                [
                    0.05723455175757408,
                    -0.9482443332672119,
                    0.3123406767845154,
                    0.6359753608703613
                ],
                [
                    0.0,
                    0.0,
                    0.0,
                    1.0
                ]
            ]
        },
        "J_Sec_L_SkirtSide0_03": {
            "parent": "J_Bip_C_Hips",
            "matrix_local": [
                [
                    -0.0007806421490386128,
                    0.3894810080528259,
                    0.9210340976715088,
                    0.17559714615345
                ],
                [
                    -0.9979711174964905,
                    0.058317821472883224,
                    -0.025506794452667236,
                    -0.011979103088378906
                ],
                [
                    -0.06364767253398895,
                    -0.9191862940788269,
                    0.38864561915397644,
                    0.9547978639602661
                ],
                [
                    0.0,
                    0.0,
                    0.0,
                    1.0
                ]
            ]
        },
        "J_Sec_L_SkirtSide1_03": {
            "parent": "J_Sec_L_SkirtSide0_03",
            "matrix_local": [
                [
                    8.905772119760513e-07,
                    0.3885880410671234,
                    0.9214115142822266,
                    0.17559726536273956
                ],
                [
                    -0.9980006814002991,
                    0.058221787214279175,
                    -0.024552859365940094,
                    -0.011979085393249989
                ],
                [
                    -0.06318772584199905,
                    -0.9195702075958252,
                    0.3878115117549896,
                    0.9547975659370422
                ],
                [
                    0.0,
                    0.0,
                    0.0,
                    1.0
                ]
            ]
        },
        "J_Sec_L_SkirtSide2_03": {
            "parent": "J_Sec_L_SkirtSide1_03",
            "matrix_local": [
                [
                    0.0003448035567998886,
                    0.31283479928970337,
                    0.9498074650764465,
                    0.22299596667289734
                ],
                [
                    -0.998359739780426,
                    0.05446908622980118,
                    -0.017577746883034706,
                    -0.0034427158534526825
                ],
                [
                    -0.05723462253808975,
                    -0.9482443332672119,
                    0.31234070658683777,
                    0.8258001804351807
                ],
                [
                    0.0,
                    0.0,
                    0.0,
                    1.0
                ]
            ]
        },
        "J_Sec_L_SkirtSide2_end_03": {
            "parent": "J_Sec_L_SkirtSide2_03",
            "matrix_local": [
                [
                    -0.00034396257251501083,
                    0.3128349483013153,
                    -0.9498074054718018,
                    0.2612905502319336
                ],
                [
                    0.998359739780426,
                    0.054469022899866104,
                    0.017578620463609695,
                    0.0037868316285312176
                ],
                [
                    0.05723483860492706,
                    -0.9482442736625671,
                    -0.3123408257961273,
                    0.7027104496955872
                ],
                [
                    0.0,
                    0.0,
                    0.0,
                    1.0
                ]
            ]
        },
        "J_Sec_L_SkirtSide2_end_03_end": {
            "parent": "J_Sec_L_SkirtSide2_end_03",
            "matrix_local": [
                [
                    -0.00034339906414970756,
                    0.31283554434776306,
                    -0.9498072266578674,
                    0.2843190133571625
                ],
                [
                    0.998359739780426,
                    0.054468922317028046,
                    0.0175792183727026,
                    0.007491782307624817
                ],
                [
                    0.057234931737184525,
                    -0.9482440948486328,
                    -0.3123413920402527,
                    0.6367107033729553
                ],
                [
                    0.0,
                    0.0,
                    0.0,
                    1.0
                ]
            ]
        },
        "J_Sec_R_SkirtSide0_03": {
            "parent": "J_Bip_C_Hips",
            "matrix_local": [
                [
                    -0.0007805227069184184,
                    -0.3894810080528259,
                    -0.9210341572761536,
                    -0.1755969226360321
                ],
                [
                    0.99797123670578,
                    0.05831778421998024,
                    -0.025506673380732536,
                    -0.011979088187217712
                ],
                [
                    0.06364753842353821,
                    -0.9191862344741821,
                    0.3886456787586212,
                    0.954797625541687
                ],
                [
                    0.0,
                    0.0,
                    0.0,
                    1.0
                ]
            ]
        },
        "J_Sec_R_SkirtSide1_03": {
            "parent": "J_Sec_R_SkirtSide0_03",
            "matrix_local": [
                [
                    4.4051557779312134e-07,
                    -0.38858819007873535,
                    -0.9214115142822266,
                    -0.17559696733951569
                ],
                [
                    0.9980008006095886,
                    0.05822162702679634,
                    -0.024553310126066208,
                    -0.011979065835475922
                ],
                [
                    0.06318770349025726,
                    -0.9195702075958252,
                    0.3878116309642792,
                    0.9547973871231079
                ],
                [
                    0.0,
                    0.0,
                    0.0,
                    1.0
                ]
            ]
        },
        "J_Sec_R_SkirtSide2_03": {
            "parent": "J_Sec_R_SkirtSide1_03",
            "matrix_local": [
                [
                    0.000344323692843318,
                    -0.3128351867198944,
                    -0.949807345867157,
                    -0.22299551963806152
                ],
                [
                    0.9983598589897156,
                    0.05446910858154297,
                    -0.017578301951289177,
                    -0.003442680463194847
                ],
                [
                    0.05723476782441139,
                    -0.9482442140579224,
                    0.3123410642147064,
                    0.8258005380630493
                ],
                [
                    0.0,
                    0.0,
                    0.0,
                    1.0
                ]
            ]
        },
        "J_Sec_R_SkirtSide2_end_03": {
            "parent": "J_Sec_R_SkirtSide2_03",
            "matrix_local": [
                [
                    0.00034474689164198935,
                    -0.31283479928970337,
                    -0.9498074650764465,
                    -0.26129019260406494
                ],
                [
                    0.9983598589897156,
                    0.05446892976760864,
                    -0.017577774822711945,
                    0.003786844667047262
                ],
                [
                    0.05723443627357483,
                    -0.9482443332672119,
                    0.31234070658683777,
                    0.7027104496955872
                ],
                [
                    0.0,
                    0.0,
                    0.0,
                    1.0
                ]
            ]
        },
        "J_Sec_R_SkirtSide2_end_03_end": {
            "parent": "J_Sec_R_SkirtSide2_end_03",
            "matrix_local": [
                [
                    0.0003447727067396045,
                    -0.312834769487381,
                    -0.9498074650764465,
                    -0.282052218914032
                ],
                [
                    0.9983598589897156,
                    0.054469045251607895,
                    -0.01757778599858284,
                    0.007706440053880215
                ],
                [
                    0.05723455175757408,
                    -0.9482443332672119,
                    0.3123406767845154,
                    0.6359753608703613
                ],
                [
                    0.0,
                    0.0,
                    0.0,
                    1.0
                ]
            ]
        },
        "J_Bip_C_Spine": {
            "parent": "J_Bip_C_Hips",
            "matrix_local": [
                [
                    1.0,
                    4.773959005888173e-15,
                    7.450578465295621e-08,
                    2.7755575615628914e-17
                ],
                [
                    7.36526786226932e-08,
                    -0.15089568495750427,
                    -0.9885497093200684,
                    -0.017574220895767212
                ],
                [
                    1.1242599740057813e-08,
                    0.9885497093200684,
                    -0.15089574456214905,
                    1.0323004722595215
                ],
                [
                    0.0,
                    0.0,
                    0.0,
                    1.0
                ]
            ]
        },
        "J_Bip_C_Chest": {
            "parent": "J_Bip_C_Spine",
            "matrix_local": [
                [
                    1.0,
                    5.329070518200751e-15,
                    9.685755486543712e-08,
                    0.0
                ],
                [
                    9.613978591005434e-08,
                    0.12151652574539185,
                    -0.9925894141197205,
                    -0.02132437378168106
                ],
                [
                    -1.1769795804639216e-08,
                    0.9925894141197205,
                    0.12151646614074707,
                    1.1470329761505127
                ],
                [
                    0.0,
                    0.0,
                    0.0,
                    1.0
                ]
            ]
        },
        "J_Bip_C_UpperChest": {
            "parent": "J_Bip_C_Chest",
            "matrix_local": [
                [
                    1.0,
                    1.2434497875801753e-14,
                    1.0745381473498128e-07,
                    4.163336342344337e-16
                ],
                [
                    1.0136727013332347e-07,
                    0.3317803144454956,
                    -0.9433566927909851,
                    -0.006606748327612877
                ],
                [
                    -3.5651069651976286e-08,
                    0.9433567523956299,
                    0.33178025484085083,
                    1.2556242942810059
                ],
                [
                    0.0,
                    0.0,
                    0.0,
                    1.0
                ]
            ]
        },
        "J_Sec_L_Bust1": {
            "parent": "J_Bip_C_UpperChest",
            "matrix_local": [
                [
                    0.8906083703041077,
                    0.4509091079235077,
                    0.059141963720321655,
                    0.05191269889473915
                ],
                [
                    0.4522911310195923,
                    -0.8646662831306458,
                    -0.2185978889465332,
                    -0.07353712618350983
                ],
                [
                    -0.047429755330085754,
                    0.2214345932006836,
                    -0.9740212559700012,
                    1.2486156225204468
                ],
                [
                    0.0,
                    0.0,
                    0.0,
                    1.0
                ]
            ]
        },
        "J_Sec_L_Bust2": {
            "parent": "J_Sec_L_Bust1",
            "matrix_local": [
                [
                    0.8906086683273315,
                    0.4509091079235077,
                    0.059138018637895584,
                    0.08300766348838806
                ],
                [
                    0.45229020714759827,
                    -0.8646666407585144,
                    -0.21859844028949738,
                    -0.13347011804580688
                ],
                [
                    -0.04743339493870735,
                    0.22143329679965973,
                    -0.9740213751792908,
                    1.2639704942703247
                ],
                [
                    0.0,
                    0.0,
                    0.0,
                    1.0
                ]
            ]
        },
        "J_Sec_L_Bust2_end": {
            "parent": "J_Sec_L_Bust2",
            "matrix_local": [
                [
                    0.8906084895133972,
                    0.45090949535369873,
                    0.059138134121894836,
                    0.11444245278835297
                ],
                [
                    0.4522905945777893,
                    -0.8646664619445801,
                    -0.21859844028949738,
                    -0.1940581202507019
                ],
                [
                    -0.047433387488126755,
                    0.22143332660198212,
                    -0.9740213751792908,
                    1.2794930934906006
                ],
                [
                    0.0,
                    0.0,
                    0.0,
                    1.0
                ]
            ]
        },
        "J_Sec_R_Bust1": {
            "parent": "J_Bip_C_UpperChest",
            "matrix_local": [
                [
                    0.8906083703041077,
                    -0.450908899307251,
                    -0.05914214625954628,
                    -0.05191269889473915
                ],
                [
                    -0.4522908627986908,
                    -0.8646662831306458,
                    -0.2185981422662735,
                    -0.07353711873292923
                ],
                [
                    0.04742953181266785,
                    0.2214345633983612,
                    -0.9740210771560669,
                    1.2486156225204468
                ],
                [
                    0.0,
                    0.0,
                    0.0,
                    1.0
                ]
            ]
        },
        "J_Sec_R_Bust2": {
            "parent": "J_Sec_R_Bust1",
            "matrix_local": [
                [
                    0.890608549118042,
                    -0.4509090781211853,
                    -0.05913817882537842,
                    -0.08300764858722687
                ],
                [
                    -0.4522901177406311,
                    -0.8646665215492249,
                    -0.21859873831272125,
                    -0.1334701031446457
                ],
                [
                    0.04743325337767601,
                    0.22143329679965973,
                    -0.9740211963653564,
                    1.2639703750610352
                ],
                [
                    0.0,
                    0.0,
                    0.0,
                    1.0
                ]
            ]
        },
        "J_Sec_R_Bust2_end": {
            "parent": "J_Sec_R_Bust2",
            "matrix_local": [
                [
                    0.8906083703041077,
                    -0.45090940594673157,
                    -0.05913829058408737,
                    -0.11444243788719177
                ],
                [
                    -0.45229047536849976,
                    -0.8646663427352905,
                    -0.21859872341156006,
                    -0.1940581053495407
                ],
                [
                    0.04743323102593422,
                    0.22143331170082092,
                    -0.9740211963653564,
                    1.279492974281311
                ],
                [
                    0.0,
                    0.0,
                    0.0,
                    1.0
                ]
            ]
        },
        "J_Bip_C_Neck": {
            "parent": "J_Bip_C_UpperChest",
            "matrix_local": [
                [
                    1.0,
                    -1.0658141036401503e-14,
                    8.195641498787154e-08,
                    8.881784197001252e-16
                ],
                [
                    8.137159568377683e-08,
                    -0.11924946308135986,
                    -0.9928643703460693,
                    0.03057120367884636
                ],
                [
                    9.773269304957921e-09,
                    0.9928643107414246,
                    -0.11924955248832703,
                    1.3838481903076172
                ],
                [
                    0.0,
                    0.0,
                    0.0,
                    1.0
                ]
            ]
        },
        "J_Bip_C_Head": {
            "parent": "J_Bip_C_Neck",
            "matrix_local": [
                [
                    1.0,
                    -4.785913887417337e-08,
                    4.782707492267946e-07,
                    -1.4726260211261888e-08
                ],
                [
                    4.777255071530817e-07,
                    -0.01080814003944397,
                    -0.9999416470527649,
                    0.021120566874742508
                ],
                [
                    5.302559813458174e-08,
                    0.9999415278434753,
                    -0.01080823689699173,
                    1.459357738494873
                ],
                [
                    0.0,
                    0.0,
                    0.0,
                    1.0
                ]
            ]
        },
        "J_Adj_L_FaceEye": {
            "parent": "J_Bip_C_Head",
            "matrix_local": [
                [
                    0.9028376340866089,
                    0.42971599102020264,
                    -0.015108573250472546,
                    0.013635213486850262
                ],
                [
                    0.42997387051582336,
                    -0.9020529985427856,
                    0.03772490471601486,
                    -0.0012831751955673099
                ],
                [
                    0.0025823016185313463,
                    -0.04055573418736458,
                    -0.9991738796234131,
                    1.522966980934143
                ],
                [
                    0.0,
                    0.0,
                    0.0,
                    1.0
                ]
            ]
        },
        "J_Adj_R_FaceEye": {
            "parent": "J_Bip_C_Head",
            "matrix_local": [
                [
                    0.9028380513191223,
                    -0.4297151267528534,
                    0.015108059160411358,
                    -0.013635233044624329
                ],
                [
                    -0.42997288703918457,
                    -0.9020534157752991,
                    0.03772508352994919,
                    -0.0012831920757889748
                ],
                [
                    -0.002582845278084278,
                    -0.04055573418736458,
                    -0.9991738796234131,
                    1.522966980934143
                ],
                [
                    0.0,
                    0.0,
                    0.0,
                    1.0
                ]
            ]
        },
        "J_Sec_Hair1_01": {
            "parent": "J_Bip_C_Head",
            "matrix_local": [
                [
                    -0.9896026849746704,
                    -0.14382927119731903,
                    2.648249619596754e-07,
                    -0.06832538545131683
                ],
                [
                    -0.0403110571205616,
                    0.2773492634296417,
                    -0.9599237442016602,
                    0.10532636940479279
                ],
                [
                    0.13806463778018951,
                    -0.9499422311782837,
                    -0.2802638113498688,
                    1.5473129749298096
                ],
                [
                    0.0,
                    0.0,
                    0.0,
                    1.0
                ]
            ]
        },
        "J_Sec_Hair2_01": {
            "parent": "J_Sec_Hair1_01",
            "matrix_local": [
                [
                    -0.9172958135604858,
                    0.39820706844329834,
                    2.893311545903998e-07,
                    -0.08065337687730789
                ],
                [
                    -0.13299718499183655,
                    -0.30636513233184814,
                    -0.9425780773162842,
                    0.13229867815971375
                ],
                [
                    -0.37534117698669434,
                    -0.864622175693512,
                    0.33398696780204773,
                    1.4549310207366943
                ],
                [
                    0.0,
                    0.0,
                    0.0,
                    1.0
                ]
            ]
        },
